
flag , dates,                                                                                                                       data

worm
007, 000, 010, 000, 029, 000, 007, 000, 120, 005, 010, 000, 029, 000, 007, 000, 120, 005, 010, 000, 001, 000, 008, 000, 120, 005,   254, 255, 052, 000, 000, 000, 095, 000, 007, 000, 000, 000, 000, 000, 000, 000, 000, 000, 000, 000, 000, 000, 
006, 000, 011, 000, 029, 000, 007, 000, 120, 005, 011, 000, 029, 000, 007, 000, 120, 005, 011, 000, 001, 000, 008, 000, 120, 005,   254, 255, 052, 000, 000, 000, 095, 000, 007, 000, 000, 000, 000, 000, 000, 000, 000, 000, 000, 000, 000, 000, 
008, 000, 011, 000, 029, 000, 007, 000, 120, 005, 011, 000, 029, 000, 007, 000, 120, 005, 011, 000, 001, 000, 008, 000, 120, 005,   254, 255, 052, 000, 000, 000, 095, 000, 007, 000, 000, 000, 000, 000, 000, 000, 000, 000, 000, 000, 000, 000, 
000, 000, 014, 000, 029, 000, 007, 000, 120, 005, 014, 000, 029, 000, 007, 000, 120, 005, 018, 000, 029, 000, 007, 000, 120, 005,   254, 255, 052, 000, 099, 000, 090, 000, 058, 000, 000, 000, 004, 000, 000, 000, 000, 000, 000, 000, 000, 000,  

passau
-first pass
000, 000, 009, 000, 025, 000, 006, 000, 120, 005, 009, 000, 025, 000, 006, 000, 120, 005, 009, 000, 024, 000, 007, 000, 120, 005,   254, 255, 067, 000, 100, 000, 000, 000, 099, 000, 000, 000, 000, 000, 000, 000, 000, 000, 000, 000, 000, 000,  
000, 000, 009, 000, 025, 000, 006, 000, 120, 005, 009, 000, 025, 000, 006, 000, 120, 005, 023, 000, 031, 000, 012, 000, 219, 005,   254, 255, 000, 000, 099, 000, 095, 000, 008, 000, 000, 000, 000, 000, 001, 000, 065, 000, 006, 000, 000, 000,  
004, 000, 009, 000, 025, 000, 006, 000, 120, 005, 009, 000, 025, 000, 006, 000, 120, 005, 009, 000, 031, 000, 009, 000, 120, 005,   254, 255, 000, 000, 048, 001, 099, 000, 028, 000, 001, 000, 008, 000, 001, 000, 171, 000, 000, 000, 000, 000,  
002, 000, 009, 000, 025, 000, 006, 000, 120, 005, 009, 000, 025, 000, 006, 000, 120, 005, 023, 000, 031, 000, 012, 000, 219, 005,   254, 255, 000, 000, 000, 000, 095, 000, 028, 000, 000, 000, 000, 000, 001, 000, 000, 000, 000, 000, 000, 000,  
-second pass
075, 000, 009, 000, 025, 000, 006, 000, 120, 005, 009, 000, 025, 000, 006, 000, 120, 005, 023, 000, 014, 000, 008, 000, 121, 005,   008, 000, 115, 000, 067, 000, 095, 000, 008, 000, 000, 000, 000, 000, 003, 000, 012, 000, 002, 000, 000, 000, 
002, 000, 009, 000, 025, 000, 006, 000, 120, 005, 009, 000, 025, 000, 006, 000, 120, 005, 023, 000, 014, 000, 008, 000, 121, 005,   254, 255, 115, 000, 000, 000, 000, 000, 028, 000, 000, 000, 000, 000, 003, 000, 000, 000, 000, 000, 000, 000, 
003, 000, 009, 000, 025, 000, 006, 000, 120, 005, 009, 000, 025, 000, 006, 000, 120, 005, 023, 000, 014, 000, 008, 000, 121, 005,   254, 255, 115, 000, 000, 000, 000, 000, 028, 000, 000, 000, 000, 000, 003, 000, 000, 000, 000, 000, 000, 000, 
004, 000, 009, 000, 025, 000, 006, 000, 120, 005, 009, 000, 025, 000, 006, 000, 120, 005, 023, 000, 014, 000, 008, 000, 121, 005,   254, 255, 115, 000, 000, 000, 000, 000, 028, 000, 000, 000, 000, 000, 003, 000, 000, 000, 000, 000, 000, 000, 
000, 000, 009, 000, 025, 000, 006, 000, 120, 005, 009, 000, 025, 000, 006, 000, 120, 005, 023, 000, 031, 000, 012, 000, 219, 005,   254, 255, 115, 000, 001, 000, 000, 000, 043, 000, 000, 000, 000, 000, 000, 000, 000, 000, 000, 000, 000, 000, 

kassel
000, 000, 009, 000, 029, 000, 006, 000, 120, 005, 009, 000, 029, 000, 006, 000, 120, 005, 009, 000, 028, 000, 007, 000, 120, 005,   254, 255, 029, 000, 100, 000, 000, 000, 099, 000, 000, 000, 000, 000, 000, 000, 000, 000, 000, 000, 000, 000, 
000, 000, 009, 000, 029, 000, 006, 000, 120, 005, 009, 000, 029, 000, 006, 000, 120, 005, 023, 000, 031, 000, 012, 000, 219, 005,   254, 255, 000, 000, 099, 000, 095, 000, 008, 000, 000, 000, 000, 000, 001, 000, 066, 000, 006, 000, 000, 000, 
004, 000, 009, 000, 029, 000, 006, 000, 120, 005, 009, 000, 029, 000, 006, 000, 120, 005, 009, 000, 022, 000, 008, 000, 120, 005,   254, 255, 000, 000, 009, 001, 099, 000, 028, 000, 001, 000, 008, 000, 001, 000, 172, 000, 000, 000, 000, 000, 
002, 000, 009, 000, 029, 000, 006, 000, 120, 005, 009, 000, 029, 000, 006, 000, 120, 005, 023, 000, 031, 000, 012, 000, 219, 005,   254, 255, 000, 000, 000, 000, 095, 000, 028, 000, 000, 000, 000, 000, 001, 000, 000, 000, 000, 000, 000, 000, 

000, 000, 009, 000, 029, 000, 006, 000, 120, 005, 009, 000, 029, 000, 006, 000, 120, 005, 009, 000, 001, 000, 007, 000, 120, 005,   254, 255, 029, 000, 000, 000, 095, 000, 007, 000, 000, 000, 000, 000, 000, 000, 000, 000, 000, 000, 000, 000, 
004, 000, 009, 000, 029, 000, 006, 000, 120, 005, 009, 000, 029, 000, 006, 000, 120, 005, 009, 000, 001, 000, 007, 000, 120, 005,   254, 255, 029, 000, 000, 000, 095, 000, 007, 000, 000, 000, 000, 000, 000, 000, 000, 000, 000, 000, 000, 000, 
005, 000, 009, 000, 029, 000, 006, 000, 120, 005, 009, 000, 029, 000, 006, 000, 120, 005, 009, 000, 001, 000, 007, 000, 120, 005,   254, 255, 029, 000, 000, 000, 095, 000, 007, 000, 000, 000, 000, 000, 000, 000, 000, 000, 000, 000, 000, 000, 
008, 000, 009, 000, 029, 000, 006, 000, 120, 005, 009, 000, 029, 000, 006, 000, 120, 005, 009, 000, 001, 000, 007, 000, 120, 005,   254, 255, 029, 000, 000, 000, 095, 000, 007, 000, 000, 000, 000, 000, 000, 000, 000, 000, 000, 000, 000, 000, 

036, 000, 009, 000, 029, 000, 006, 000, 120, 005, 009, 000, 029, 000, 006, 000, 120, 005, 023, 000, 018, 000, 008, 000, 121, 005,   006, 000, 101, 000, 029, 000, 095, 000, 008, 000, 000, 000, 000, 000, 003, 000, 012, 000, 002, 000, 000, 000, 
002, 000, 009, 000, 029, 000, 006, 000, 120, 005, 009, 000, 029, 000, 006, 000, 120, 005, 023, 000, 018, 000, 008, 000, 121, 005,   254, 255, 101, 000, 000, 000, 000, 000, 028, 000, 000, 000, 000, 000, 003, 000, 000, 000, 000, 000, 000, 000, 
003, 000, 009, 000, 029, 000, 006, 000, 120, 005, 009, 000, 029, 000, 006, 000, 120, 005, 023, 000, 018, 000, 008, 000, 121, 005,   254, 255, 101, 000, 000, 000, 000, 000, 028, 000, 000, 000, 000, 000, 003, 000, 000, 000, 000, 000, 000, 000, 
004, 000, 009, 000, 029, 000, 006, 000, 120, 005, 009, 000, 029, 000, 006, 000, 120, 005, 023, 000, 018, 000, 008, 000, 121, 005,   254, 255, 101, 000, 000, 000, 000, 000, 028, 000, 000, 000, 000, 000, 003, 000, 000, 000, 000, 000, 000, 000, 
000, 000, 009, 000, 029, 000, 006, 000, 120, 005, 009, 000, 029, 000, 006, 000, 120, 005, 023, 000, 031, 000, 012, 000, 219, 005,   254, 255, 101, 000, 001, 000, 000, 000, 043, 000, 000, 000, 000, 000, 000, 000, 000, 000, 000, 000, 000, 000, 
007, 000, 011, 000, 029, 000, 006, 000, 120, 005, 011, 000, 029, 000, 006, 000, 120, 005, 011, 000, 001, 000, 007, 000, 120, 005,   254, 255, 029, 000, 000, 000, 095, 000, 007, 000, 000, 000, 000, 000, 000, 000, 000, 000, 000, 000, 000, 000, 
000, 000, 016, 000, 029, 000, 006, 000, 120, 005, 016, 000, 029, 000, 006, 000, 120, 005, 016, 000, 005, 000, 007, 000, 120, 005,   254, 255, 029, 000, 100, 000, 000, 000, 060, 000, 000, 000, 000, 000, 000, 000, 000, 000, 000, 000, 000, 000, 


0    1       2  3    4     5    6    7    8     9  10   11   12  13   14   15   16    17    18  

075, 000, 009, 000, 025, 000, 006, 000, 120, 005, 009, 000, 025, 000, 006, 000, 120, 005, 023, 000, 014, 000, 008, 000, 121, 005,   008, 000, 115, 000, 067, 000, 095, 000, 008, 000, 000, 000, 000, 000, 003, 000, 012, 000, 002, 000, 000, 000, 
036, 000, 009, 000, 029, 000, 006, 000, 120, 005, 009, 000, 029, 000, 006, 000, 120, 005, 023, 000, 018, 000, 008, 000, 121, 005,   006, 000, 101, 000, 029, 000, 095, 000, 008, 000, 000, 000, 000, 000, 003, 000, 012, 000, 002, 000, 000, 000, 
