Groningen            - 000, 000, 000, 000, 033, 000, 219, 000, 005, 000, 000, 000, 004, 000, 098, 000, 255, 003, 000, 000, 000, 025, 025, 025, 255, 255, 000, 000, 000, 000, 000, 000, 000, 000, 000, 000, 000, 000, 
Flensburg            - 000, 000, 000, 000, 105, 000, 036, 000, 005, 000, 000, 000, 004, 000, 098, 000, 255, 003, 000, 000, 000, 025, 025, 025, 255, 255, 000, 000, 000, 000, 000, 000, 000, 000, 000, 000, 000, 000, 
Vordingbrd           - 000, 000, 000, 000, 160, 000, 016, 000, 005, 000, 000, 000, 004, 000, 098, 000, 255, 003, 000, 000, 000, 025, 025, 025, 255, 255, 000, 000, 000, 000, 000, 000, 000, 000, 000, 000, 000, 000, 
Naskskov             - 000, 000, 000, 000, 142, 000, 036, 000, 005, 000, 000, 000, 004, 000, 098, 000, 255, 003, 000, 000, 000, 025, 025, 025, 255, 255, 000, 000, 000, 000, 000, 000, 000, 000, 000, 000, 000, 000, 
Schleswig            - 000, 000, 000, 000, 106, 000, 072, 000, 005, 000, 000, 000, 004, 000, 098, 000, 255, 005, 000, 000, 000, 025, 025, 025, 255, 255, 000, 000, 000, 000, 000, 000, 000, 000, 000, 000, 000, 000, 
Lubeck               - 000, 000, 000, 000, 133, 000, 151, 000, 005, 000, 000, 000, 004, 000, 098, 000, 255, 007, 000, 000, 000, 025, 025, 025, 255, 255, 000, 000, 000, 000, 000, 000, 000, 000, 000, 000, 000, 000, 
Wismar               - 000, 000, 000, 000, 151, 000, 149, 000, 005, 000, 000, 000, 004, 000, 098, 000, 255, 004, 000, 000, 000, 025, 025, 025, 255, 255, 000, 000, 000, 000, 000, 000, 000, 000, 000, 000, 000, 000, 
Rostock              - 000, 000, 000, 000, 166, 000, 129, 000, 005, 000, 000, 000, 004, 000, 098, 000, 255, 005, 000, 000, 000, 025, 025, 025, 255, 255, 000, 000, 000, 000, 000, 000, 000, 000, 000, 000, 000, 000, 
Stralsund            - 000, 000, 000, 000, 186, 000, 100, 000, 005, 000, 000, 000, 004, 000, 098, 000, 255, 005, 000, 000, 000, 025, 025, 025, 255, 255, 000, 000, 000, 000, 000, 000, 000, 000, 000, 000, 000, 000, 
Stettin              - 000, 000, 000, 000, 226, 000, 199, 000, 005, 000, 000, 000, 004, 000, 098, 000, 255, 003, 000, 000, 000, 025, 025, 025, 255, 255, 000, 000, 000, 000, 000, 000, 000, 000, 000, 000, 000, 000, 
Hamburg              - 000, 000, 000, 000, 115, 000, 191, 000, 005, 000, 000, 000, 004, 000, 098, 000, 255, 007, 000, 000, 000, 025, 025, 025, 255, 255, 000, 000, 000, 000, 000, 000, 000, 000, 000, 000, 000, 000, 
Luneberg             - 000, 000, 000, 000, 124, 000, 234, 000, 005, 000, 000, 000, 004, 000, 098, 000, 255, 005, 000, 000, 000, 025, 025, 025, 255, 255, 000, 000, 000, 000, 000, 000, 000, 000, 000, 000, 000, 000, 
Bremen               - 000, 000, 000, 000, 087, 000, 243, 000, 005, 000, 000, 000, 004, 000, 098, 000, 255, 006, 000, 000, 000, 025, 025, 025, 255, 255, 000, 000, 000, 000, 000, 000, 000, 000, 000, 000, 000, 000, 
Leer                 - 000, 000, 000, 000, 055, 000, 221, 000, 005, 000, 000, 000, 004, 000, 098, 000, 255, 003, 000, 000, 000, 025, 025, 025, 255, 255, 000, 000, 000, 000, 000, 000, 000, 000, 000, 000, 000, 000, 
Osnabruck            - 000, 000, 000, 000, 063, 000, 085, 001, 005, 000, 000, 000, 004, 000, 098, 000, 255, 005, 000, 000, 000, 025, 025, 025, 255, 255, 000, 000, 000, 000, 000, 000, 000, 000, 000, 000, 000, 000, 
Hannover             - 000, 000, 000, 000, 107, 000, 075, 001, 005, 000, 000, 000, 004, 000, 098, 000, 255, 005, 000, 000, 000, 025, 025, 025, 255, 255, 000, 000, 000, 000, 000, 000, 000, 000, 000, 000, 000, 000, 
Braunschwg           - 000, 000, 000, 000, 123, 000, 080, 001, 005, 000, 000, 000, 004, 000, 098, 000, 255, 005, 000, 000, 000, 025, 025, 025, 255, 255, 000, 000, 000, 000, 000, 000, 000, 000, 000, 000, 000, 000, 
Kempen               - 000, 000, 000, 000, 020, 000, 198, 001, 005, 000, 000, 000, 004, 000, 098, 000, 255, 004, 000, 000, 000, 025, 025, 025, 255, 255, 000, 000, 000, 000, 000, 000, 000, 000, 000, 000, 000, 000, 
Zwolle               - 000, 000, 000, 000, 019, 000, 044, 001, 005, 000, 000, 000, 004, 000, 098, 000, 255, 003, 000, 000, 000, 025, 025, 025, 255, 255, 000, 000, 000, 000, 000, 000, 000, 000, 000, 000, 000, 000, 
Deventer             - 000, 000, 000, 000, 019, 000, 073, 001, 005, 000, 000, 000, 004, 000, 098, 000, 255, 004, 000, 000, 000, 025, 025, 025, 255, 255, 000, 000, 000, 000, 000, 000, 000, 000, 000, 000, 000, 000, 
Munster              - 000, 000, 000, 000, 048, 000, 122, 001, 005, 000, 000, 000, 004, 000, 098, 000, 255, 005, 000, 000, 000, 025, 025, 025, 255, 255, 000, 000, 000, 000, 000, 000, 000, 000, 000, 000, 000, 000, 
Nymwegen             - 000, 000, 000, 000, 009, 000, 126, 001, 005, 000, 000, 000, 004, 000, 098, 000, 255, 004, 000, 000, 000, 025, 025, 025, 255, 255, 000, 000, 000, 000, 000, 000, 000, 000, 000, 000, 000, 000, 
Xanten               - 000, 000, 000, 000, 022, 000, 150, 001, 005, 000, 000, 000, 004, 000, 098, 000, 255, 005, 000, 000, 000, 025, 025, 025, 255, 255, 000, 000, 000, 000, 000, 000, 000, 000, 000, 000, 000, 000, 
Wesel                - 000, 000, 000, 000, 030, 000, 153, 001, 005, 000, 000, 000, 004, 000, 098, 000, 255, 004, 000, 000, 000, 025, 025, 025, 255, 255, 000, 000, 000, 000, 000, 000, 000, 000, 000, 000, 000, 000, 
Aachen               - 000, 000, 000, 000, 011, 000, 255, 001, 005, 000, 000, 000, 004, 000, 098, 000, 255, 005, 000, 000, 000, 025, 025, 025, 255, 255, 000, 000, 000, 000, 000, 000, 000, 000, 000, 000, 000, 000, 
Duisberg             - 000, 000, 000, 000, 031, 000, 185, 001, 005, 000, 000, 000, 004, 000, 098, 000, 255, 005, 000, 000, 000, 025, 025, 025, 255, 255, 000, 000, 000, 000, 000, 000, 000, 000, 000, 000, 000, 000, 
Koln                 - 000, 000, 000, 000, 033, 000, 241, 001, 005, 000, 000, 000, 004, 000, 098, 000, 255, 008, 000, 000, 000, 025, 025, 025, 255, 255, 000, 000, 000, 000, 000, 000, 000, 000, 000, 000, 000, 000, 
Dortmund             - 000, 000, 000, 000, 051, 000, 167, 001, 005, 000, 000, 000, 004, 000, 098, 000, 255, 004, 000, 000, 000, 025, 025, 025, 255, 255, 000, 000, 000, 000, 000, 000, 000, 000, 000, 000, 000, 000, 
Soest                - 000, 000, 000, 000, 066, 000, 165, 001, 005, 000, 000, 000, 004, 000, 098, 000, 255, 003, 000, 000, 000, 025, 025, 025, 255, 255, 000, 000, 000, 000, 000, 000, 000, 000, 000, 000, 000, 000, 
Kassel               - 000, 000, 000, 000, 098, 000, 210, 001, 005, 000, 000, 000, 004, 000, 098, 000, 255, 005, 223, 255, 000, 025, 025, 025, 255, 255, 000, 000, 000, 000, 000, 000, 000, 000, 000, 000, 000, 000, 
Paderborn            - 000, 000, 000, 000, 083, 000, 154, 001, 005, 000, 000, 000, 004, 000, 098, 000, 255, 004, 000, 000, 000, 025, 025, 025, 255, 255, 000, 000, 000, 000, 000, 000, 000, 000, 000, 000, 000, 000, 
Magdeburg            - 000, 000, 000, 000, 154, 000, 106, 001, 005, 000, 000, 000, 004, 000, 098, 000, 255, 005, 000, 000, 000, 025, 025, 025, 255, 255, 000, 000, 000, 000, 000, 000, 000, 000, 000, 000, 000, 000, 
Wittenberg           - 000, 000, 000, 000, 179, 000, 142, 001, 005, 000, 000, 000, 004, 000, 098, 000, 255, 005, 000, 000, 000, 025, 025, 025, 255, 255, 000, 000, 000, 000, 000, 000, 000, 000, 000, 000, 000, 000, 
Erfurt               - 000, 000, 000, 000, 138, 000, 248, 001, 005, 000, 000, 000, 004, 000, 098, 000, 255, 005, 000, 000, 000, 025, 025, 025, 255, 255, 000, 000, 000, 000, 000, 000, 000, 000, 000, 000, 000, 000, 
Leipzig              - 000, 000, 000, 000, 173, 000, 206, 001, 005, 000, 000, 000, 004, 000, 098, 000, 255, 006, 000, 000, 000, 025, 025, 025, 255, 255, 000, 000, 000, 000, 000, 000, 000, 000, 000, 000, 000, 000, 
Freiberg             - 000, 000, 000, 000, 198, 000, 006, 002, 005, 000, 000, 000, 004, 000, 098, 000, 255, 005, 000, 000, 000, 025, 025, 025, 255, 255, 000, 000, 000, 000, 000, 000, 000, 000, 000, 000, 000, 000, 
Goslar               - 000, 000, 000, 000, 127, 000, 126, 001, 005, 000, 000, 000, 004, 000, 098, 000, 255, 004, 000, 000, 000, 025, 025, 025, 255, 255, 000, 000, 000, 000, 000, 000, 000, 000, 000, 000, 000, 000, 
Frankfurt O          - 000, 000, 000, 000, 225, 000, 078, 001, 005, 000, 000, 000, 004, 000, 098, 000, 255, 005, 000, 000, 000, 025, 025, 025, 255, 255, 000, 000, 000, 000, 000, 000, 000, 000, 000, 000, 000, 000, 
Dresden              - 000, 000, 000, 000, 208, 000, 238, 001, 005, 000, 000, 000, 004, 000, 098, 000, 255, 006, 000, 000, 000, 025, 025, 025, 255, 255, 000, 000, 000, 000, 000, 000, 000, 000, 000, 000, 000, 000, 
Danzig               - 000, 000, 000, 000, 063, 001, 071, 000, 005, 000, 000, 000, 004, 000, 098, 000, 255, 007, 000, 000, 000, 025, 025, 025, 255, 255, 000, 000, 000, 000, 000, 000, 000, 000, 000, 000, 000, 000, 
Marienburg           - 000, 000, 000, 000, 069, 001, 113, 000, 005, 000, 000, 000, 004, 000, 098, 000, 255, 005, 000, 000, 000, 025, 025, 025, 255, 255, 000, 000, 000, 000, 000, 000, 000, 000, 000, 000, 000, 000, 
Thorn                - 000, 000, 000, 000, 063, 001, 235, 000, 005, 000, 000, 000, 004, 000, 098, 000, 255, 005, 000, 000, 000, 025, 025, 025, 255, 255, 000, 000, 000, 000, 000, 000, 000, 000, 000, 000, 000, 000, 
Posen                - 000, 000, 000, 000, 027, 001, 059, 001, 005, 000, 000, 000, 004, 000, 098, 000, 255, 004, 000, 000, 000, 025, 025, 025, 255, 255, 000, 000, 000, 000, 000, 000, 000, 000, 000, 000, 000, 000, 
Brandenbrg           - 000, 000, 000, 000, 180, 000, 073, 001, 005, 000, 000, 000, 004, 000, 098, 000, 255, 004, 000, 000, 000, 025, 025, 025, 255, 255, 000, 000, 000, 000, 000, 000, 000, 000, 000, 000, 000, 000, 
Berlin               - 000, 000, 000, 000, 197, 000, 058, 001, 005, 000, 000, 000, 004, 000, 098, 000, 255, 004, 000, 000, 000, 025, 025, 025, 255, 255, 000, 000, 000, 000, 000, 000, 000, 000, 000, 000, 000, 000, 
Prenzlau             - 000, 000, 000, 000, 209, 000, 222, 000, 005, 000, 000, 000, 004, 000, 098, 000, 255, 005, 000, 000, 000, 025, 025, 025, 255, 255, 000, 000, 000, 000, 000, 000, 000, 000, 000, 000, 000, 000, 
Furstenbrg           - 000, 000, 000, 000, 195, 000, 015, 001, 005, 000, 000, 000, 004, 000, 098, 000, 255, 004, 000, 000, 000, 025, 025, 025, 255, 255, 000, 000, 000, 000, 000, 000, 000, 000, 000, 000, 000, 000, 
Luxemburg            - 000, 000, 000, 000, 008, 000, 143, 002, 005, 000, 000, 000, 004, 000, 098, 000, 255, 005, 000, 000, 000, 025, 025, 025, 255, 255, 000, 000, 000, 000, 000, 000, 000, 000, 000, 000, 000, 000, 
Koblenz              - 000, 000, 000, 000, 049, 000, 065, 002, 005, 000, 000, 000, 004, 000, 098, 000, 255, 004, 000, 000, 000, 025, 025, 025, 255, 255, 000, 000, 000, 000, 000, 000, 000, 000, 000, 000, 000, 000, 
Mainz                - 000, 000, 000, 000, 065, 000, 106, 002, 005, 000, 000, 000, 004, 000, 098, 000, 255, 006, 000, 000, 000, 025, 025, 025, 255, 255, 000, 000, 000, 000, 000, 000, 000, 000, 000, 000, 000, 000, 
Frankfurt M          - 000, 000, 000, 000, 078, 000, 094, 002, 005, 000, 000, 000, 004, 000, 098, 000, 255, 005, 000, 000, 000, 025, 025, 025, 255, 255, 000, 000, 000, 000, 000, 000, 000, 000, 000, 000, 000, 000, 
Trier                - 000, 000, 000, 000, 025, 000, 128, 002, 005, 000, 000, 000, 004, 000, 098, 000, 255, 006, 000, 000, 000, 025, 025, 025, 255, 255, 000, 000, 000, 000, 000, 000, 000, 000, 000, 000, 000, 000, 
Worms                - 000, 000, 000, 000, 068, 000, 136, 002, 005, 000, 000, 000, 004, 000, 098, 000, 255, 006, 000, 000, 000, 025, 025, 025, 255, 255, 000, 000, 000, 000, 000, 000, 000, 000, 000, 000, 000, 000, 
Speyer               - 000, 000, 000, 000, 068, 000, 192, 002, 005, 000, 000, 000, 004, 000, 098, 000, 255, 005, 000, 000, 000, 025, 025, 025, 255, 255, 000, 000, 000, 000, 000, 000, 000, 000, 000, 000, 000, 000, 
Strassburg           - 000, 000, 000, 000, 049, 000, 022, 003, 005, 000, 000, 000, 004, 000, 098, 000, 255, 007, 000, 000, 000, 025, 025, 025, 255, 255, 000, 000, 000, 000, 000, 000, 000, 000, 000, 000, 000, 000, 
Freiberg             - 000, 000, 000, 000, 051, 000, 094, 003, 005, 000, 000, 000, 004, 000, 098, 000, 255, 005, 000, 000, 000, 025, 025, 025, 255, 255, 000, 000, 000, 000, 000, 000, 000, 000, 000, 000, 000, 000, 
Stuttgart            - 000, 000, 000, 000, 088, 000, 001, 003, 005, 000, 000, 000, 004, 000, 098, 000, 255, 005, 000, 000, 000, 025, 025, 025, 255, 255, 000, 000, 000, 000, 000, 000, 000, 000, 000, 000, 000, 000, 
Wurzburg             - 000, 000, 000, 000, 108, 000, 134, 002, 005, 000, 000, 000, 004, 000, 098, 000, 255, 005, 000, 000, 000, 025, 025, 025, 255, 255, 000, 000, 000, 000, 000, 000, 000, 000, 000, 000, 000, 000, 
Bamberg              - 000, 000, 000, 000, 132, 000, 127, 002, 005, 000, 000, 000, 004, 000, 098, 000, 255, 005, 000, 000, 000, 025, 025, 025, 255, 255, 000, 000, 000, 000, 000, 000, 000, 000, 000, 000, 000, 000, 
Nurnberg             - 000, 000, 000, 000, 139, 000, 180, 002, 005, 000, 000, 000, 004, 000, 098, 000, 255, 007, 000, 000, 000, 025, 025, 025, 255, 255, 000, 000, 192, 000, 000, 000, 000, 000, 000, 000, 000, 000, 
Regensburg           - 000, 000, 000, 000, 166, 000, 234, 002, 005, 000, 000, 000, 004, 000, 098, 000, 255, 006, 000, 000, 000, 025, 025, 025, 255, 255, 000, 000, 000, 000, 000, 000, 000, 000, 000, 000, 000, 000, 
Nordlingen           - 000, 000, 000, 000, 128, 000, 255, 002, 005, 000, 000, 000, 004, 000, 098, 000, 255, 005, 000, 000, 000, 025, 025, 025, 255, 255, 000, 000, 000, 000, 000, 000, 000, 000, 000, 000, 000, 000, 
Rottweil             - 000, 000, 000, 000, 072, 000, 082, 003, 005, 000, 000, 000, 004, 000, 098, 000, 255, 004, 000, 000, 000, 025, 025, 025, 255, 255, 000, 000, 000, 000, 000, 000, 000, 000, 000, 000, 000, 000, 
Hall                 - 000, 000, 000, 000, 098, 000, 232, 002, 005, 000, 000, 000, 004, 000, 098, 000, 255, 004, 000, 000, 000, 025, 025, 025, 255, 255, 000, 000, 000, 000, 000, 000, 000, 000, 000, 000, 000, 000, 
Ulm                  - 000, 000, 000, 000, 107, 000, 055, 003, 005, 000, 000, 000, 004, 000, 098, 000, 255, 007, 000, 000, 000, 025, 025, 025, 255, 255, 000, 000, 000, 000, 000, 000, 000, 000, 000, 000, 000, 000, 
Augsburg             - 000, 000, 000, 000, 133, 000, 054, 003, 005, 000, 000, 000, 004, 000, 098, 000, 255, 006, 000, 000, 000, 025, 025, 025, 255, 255, 000, 000, 000, 000, 000, 000, 000, 000, 000, 000, 000, 000, 
Munchen              - 000, 000, 000, 000, 151, 000, 084, 003, 005, 000, 000, 000, 004, 000, 098, 000, 255, 006, 000, 000, 000, 025, 025, 025, 255, 255, 000, 000, 000, 000, 000, 000, 000, 000, 000, 000, 000, 000, 
Passau               - 000, 000, 000, 000, 201, 000, 031, 003, 005, 000, 000, 000, 004, 000, 098, 000, 255, 005, 000, 000, 000, 025, 025, 025, 255, 255, 000, 000, 000, 000, 000, 000, 000, 000, 000, 000, 000, 000, 
St.Joachim           - 000, 000, 000, 000, 184, 000, 086, 002, 005, 000, 000, 000, 004, 000, 098, 000, 255, 003, 000, 000, 000, 025, 025, 025, 255, 255, 000, 000, 000, 000, 000, 000, 000, 000, 000, 000, 000, 000, 
Burglitz             - 000, 000, 000, 000, 212, 000, 105, 002, 005, 000, 000, 000, 004, 000, 098, 000, 255, 004, 000, 000, 000, 025, 025, 025, 255, 255, 000, 000, 000, 000, 000, 000, 000, 000, 000, 000, 000, 000, 
Prag                 - 000, 000, 000, 000, 226, 000, 098, 002, 005, 000, 000, 000, 004, 000, 098, 000, 255, 006, 000, 000, 000, 025, 025, 025, 255, 255, 000, 000, 000, 000, 000, 000, 000, 000, 000, 000, 000, 000, 
Kuttenberg           - 000, 000, 000, 000, 247, 000, 104, 002, 005, 000, 000, 000, 004, 000, 098, 000, 255, 003, 000, 000, 000, 025, 025, 025, 255, 255, 000, 000, 000, 000, 000, 000, 000, 000, 000, 000, 000, 000, 
Breslau              - 000, 000, 000, 000, 033, 001, 221, 001, 005, 000, 000, 000, 004, 000, 098, 000, 255, 005, 000, 000, 000, 025, 025, 025, 255, 255, 000, 000, 000, 000, 000, 000, 000, 000, 000, 000, 000, 000, 
Olmutz               - 000, 000, 000, 000, 040, 001, 147, 002, 005, 000, 000, 000, 004, 000, 098, 000, 255, 004, 000, 000, 000, 025, 025, 025, 255, 255, 000, 000, 000, 000, 000, 000, 000, 000, 000, 000, 000, 000, 
Brunn                - 000, 000, 000, 000, 029, 001, 203, 002, 005, 000, 000, 000, 004, 000, 098, 000, 255, 004, 000, 000, 000, 025, 025, 025, 255, 255, 000, 000, 000, 000, 000, 000, 000, 000, 000, 000, 000, 000, 
Teschen              - 000, 000, 000, 000, 069, 001, 148, 002, 005, 000, 000, 000, 004, 000, 098, 000, 255, 004, 000, 000, 000, 025, 025, 025, 255, 255, 000, 000, 000, 000, 000, 000, 000, 000, 000, 000, 000, 000, 
Basel                - 000, 000, 000, 000, 042, 000, 147, 003, 005, 000, 000, 000, 004, 000, 098, 000, 255, 005, 000, 000, 000, 025, 025, 025, 255, 255, 000, 000, 000, 000, 000, 000, 000, 000, 000, 000, 000, 000, 
Zurich               - 000, 000, 000, 000, 070, 000, 162, 003, 005, 000, 000, 000, 004, 000, 098, 000, 255, 005, 000, 000, 000, 025, 025, 025, 255, 255, 000, 000, 000, 000, 000, 000, 000, 000, 000, 000, 000, 000, 
Konstanz             - 000, 000, 000, 000, 086, 000, 142, 003, 005, 000, 000, 000, 004, 000, 098, 000, 255, 004, 000, 000, 000, 025, 025, 025, 255, 255, 000, 000, 000, 000, 000, 000, 000, 000, 000, 000, 000, 000, 
Fulda                - 000, 000, 000, 000, 104, 000, 043, 002, 005, 000, 000, 000, 004, 000, 098, 000, 255, 004, 000, 000, 000, 025, 025, 025, 255, 255, 000, 000, 000, 000, 000, 000, 000, 000, 000, 000, 000, 000, 
Kufstein             - 000, 000, 000, 000, 166, 000, 162, 003, 005, 000, 000, 000, 004, 000, 098, 000, 255, 004, 000, 000, 000, 025, 025, 025, 255, 255, 000, 000, 000, 000, 000, 000, 000, 000, 000, 000, 000, 000, 
Salzburg             - 000, 000, 000, 000, 192, 000, 122, 003, 005, 000, 000, 000, 004, 000, 098, 000, 255, 005, 000, 000, 000, 025, 025, 025, 255, 255, 000, 000, 000, 000, 000, 000, 000, 000, 000, 000, 000, 000, 
Linz                 - 000, 000, 000, 000, 221, 000, 060, 003, 005, 000, 000, 000, 004, 000, 098, 000, 255, 004, 000, 000, 000, 025, 025, 025, 255, 255, 000, 000, 000, 000, 000, 000, 000, 000, 000, 000, 000, 000, 
Steyr                - 000, 000, 000, 000, 228, 000, 091, 003, 005, 000, 000, 000, 004, 000, 098, 000, 255, 004, 000, 000, 000, 025, 025, 025, 255, 255, 000, 000, 000, 000, 000, 000, 000, 000, 000, 000, 000, 000, 
Wien                 - 000, 000, 000, 000, 023, 001, 056, 003, 005, 000, 000, 000, 004, 000, 098, 000, 255, 006, 000, 000, 000, 025, 025, 025, 255, 255, 000, 000, 000, 000, 000, 000, 000, 000, 000, 000, 000, 000, 
Pressburg            - 000, 000, 000, 000, 034, 001, 066, 003, 005, 000, 000, 000, 004, 000, 098, 000, 255, 005, 000, 000, 000, 025, 025, 025, 255, 255, 000, 000, 000, 000, 000, 000, 000, 000, 000, 000, 000, 000, 
Graz                 - 000, 000, 000, 000, 013, 001, 160, 003, 005, 000, 000, 000, 004, 000, 098, 000, 255, 005, 000, 000, 000, 025, 025, 025, 255, 255, 000, 000, 000, 000, 000, 000, 000, 000, 000, 000, 000, 000, 
Bromberg             - 000, 000, 000, 000, 039, 001, 226, 000, 005, 000, 000, 000, 004, 000, 098, 000, 255, 005, 000, 000, 000, 025, 025, 025, 255, 255, 000, 000, 000, 000, 000, 000, 000, 000, 000, 000, 000, 000, 
Heidelberg           - 000, 000, 000, 000, 075, 000, 181, 002, 005, 000, 000, 000, 004, 000, 098, 000, 255, 005, 000, 000, 000, 025, 025, 025, 255, 255, 000, 000, 000, 000, 000, 000, 000, 000, 000, 000, 000, 000, 
Nancy                - 000, 000, 000, 000, 005, 000, 242, 002, 005, 000, 000, 000, 004, 000, 098, 000, 255, 005, 000, 000, 000, 025, 025, 025, 255, 255, 000, 000, 000, 000, 000, 000, 000, 000, 000, 000, 000, 000, 
Gorlitz              - 000, 000, 000, 000, 239, 000, 219, 001, 005, 000, 000, 000, 004, 000, 098, 000, 255, 005, 000, 000, 000, 025, 025, 025, 255, 255, 000, 000, 000, 000, 000, 000, 000, 000, 000, 000, 000, 000, 
Elberg               - 000, 000, 000, 000, 005, 000, 065, 001, 005, 000, 000, 000, 004, 000, 098, 000, 255, 005, 000, 000, 000, 025, 025, 025, 255, 255, 000, 000, 000, 000, 000, 000, 000, 000, 000, 000, 000, 000, 


non citys

South Nurn           - 008, 000, 009, 000, 138, 000, 208, 002, 001, 000, 000, 000, 176, 000, 098, 000, 255, 001, 000, 000, 000, 025, 025, 025, 255, 255, 000, 000, 000, 000, 000, 000, 000, 000, 000, 000, 000, 000, 
North Nurn           - 008, 000, 014, 000, 140, 000, 138, 002, 001, 000, 001, 000, 133, 000, 098, 000, 255, 001, 000, 000, 000, 025, 025, 025, 255, 255, 000, 000, 000, 000, 000, 000, 000, 000, 000, 000, 000, 000, 
Oldenburg            - 008, 000, 012, 000, 072, 000, 006, 001, 001, 000, 001, 000, 133, 000, 098, 000, 255, 001, 000, 000, 000, 025, 025, 025, 255, 255, 000, 000, 000, 000, 000, 000, 000, 000, 000, 000, 000, 000, 
Saarbrucken          - 008, 000, 000, 000, 032, 000, 194, 002, 001, 000, 000, 000, 133, 000, 098, 000, 255, 001, 000, 000, 000, 025, 025, 025, 255, 255, 000, 000, 000, 000, 000, 000, 000, 000, 000, 000, 000, 000, 
Leeuwarden           - 008, 000, 012, 000, 015, 000, 217, 000, 001, 000, 002, 000, 133, 000, 098, 000, 255, 001, 000, 000, 000, 025, 025, 025, 255, 255, 000, 000, 000, 000, 000, 000, 000, 000, 000, 000, 000, 000, 
Kulmbach             - 001, 000, 009, 000, 160, 000, 111, 002, 001, 000, 003, 000, 242, 000, 098, 000, 255, 001, 000, 000, 000, 025, 025, 025, 255, 255, 000, 000, 000, 000, 000, 000, 000, 000, 000, 000, 000, 000, 
Ahaus                - 008, 000, 008, 000, 034, 000, 088, 001, 001, 000, 003, 000, 133, 000, 098, 000, 255, 001, 000, 000, 000, 025, 025, 025, 255, 255, 000, 000, 000, 000, 000, 000, 000, 000, 000, 000, 000, 000, 
Karlsbad             - 008, 000, 011, 000, 180, 000, 108, 002, 001, 000, 002, 000, 133, 000, 098, 000, 255, 001, 000, 000, 000, 025, 025, 025, 255, 255, 000, 000, 000, 000, 000, 000, 000, 000, 000, 000, 000, 000, 
Ebeleben             - 002, 000, 009, 000, 138, 000, 108, 002, 009, 000, 004, 000, 147, 000, 146, 000, 255, 001, 000, 000, 000, 025, 025, 025, 255, 255, 000, 000, 000, 000, 000, 000, 000, 000, 000, 000, 000, 000, 
Oberkatz             - 002, 000, 009, 000, 100, 000, 144, 001, 009, 000, 004, 000, 147, 000, 146, 000, 255, 001, 000, 000, 000, 025, 025, 025, 255, 255, 000, 000, 000, 000, 000, 000, 000, 000, 000, 000, 000, 000, 
Meissen              - 002, 000, 009, 000, 200, 000, 244, 001, 009, 000, 004, 000, 147, 000, 146, 000, 255, 001, 000, 000, 000, 025, 025, 025, 255, 255, 000, 000, 000, 000, 000, 000, 000, 000, 000, 000, 000, 000, 
Ulrichsberg          - 002, 000, 009, 000, 025, 001, 132, 002, 009, 000, 004, 000, 147, 000, 146, 000, 255, 001, 000, 000, 000, 025, 025, 025, 255, 255, 000, 000, 000, 000, 000, 000, 000, 000, 000, 000, 000, 000, 
Prachim              - 002, 000, 009, 000, 200, 000, 188, 002, 009, 000, 004, 000, 147, 000, 146, 000, 255, 001, 000, 000, 000, 025, 025, 025, 255, 255, 000, 000, 000, 000, 000, 000, 000, 000, 000, 000, 000, 000, 
Bad Schuss           - 002, 000, 009, 000, 100, 000, 032, 003, 009, 000, 004, 000, 147, 000, 146, 000, 255, 001, 000, 000, 000, 025, 025, 025, 255, 255, 000, 000, 000, 000, 000, 000, 000, 000, 000, 000, 000, 000, 
Colmar               - 008, 000, 014, 000, 037, 000, 082, 003, 001, 000, 003, 000, 133, 000, 098, 000, 255, 001, 000, 000, 000, 025, 025, 025, 255, 255, 000, 000, 000, 000, 000, 000, 000, 000, 000, 000, 000, 000, 
Kolberg              - 008, 000, 011, 000, 248, 000, 108, 000, 001, 000, 002, 000, 133, 000, 098, 000, 255, 001, 000, 000, 000, 025, 025, 025, 255, 255, 000, 000, 000, 000, 000, 000, 000, 000, 000, 000, 000, 000, 
Kreuzburg            - 008, 000, 013, 000, 061, 001, 224, 001, 001, 000, 001, 000, 133, 000, 098, 000, 255, 001, 000, 000, 000, 025, 025, 025, 255, 255, 000, 000, 000, 000, 000, 000, 000, 000, 000, 000, 000, 000, 
Trentschin           - 008, 000, 013, 000, 064, 001, 230, 002, 001, 000, 001, 000, 133, 000, 098, 000, 255, 001, 000, 000, 000, 025, 025, 025, 255, 255, 000, 000, 000, 000, 000, 000, 000, 000, 000, 000, 000, 000, 
Eisenerz             - 008, 000, 013, 000, 240, 000, 157, 003, 001, 000, 001, 000, 133, 000, 098, 000, 255, 001, 000, 000, 000, 025, 025, 025, 255, 255, 000, 000, 000, 000, 000, 000, 000, 000, 000, 000, 000, 000, 
Pisek                - 008, 000, 013, 000, 221, 000, 191, 002, 001, 000, 001, 000, 133, 000, 098, 000, 255, 001, 000, 000, 000, 025, 025, 025, 255, 255, 000, 000, 000, 000, 000, 000, 000, 000, 000, 000, 000, 000, 
Cleve                - 002, 000, 009, 000, 017, 000, 134, 001, 009, 000, 004, 000, 147, 000, 146, 000, 255, 001, 000, 000, 000, 025, 025, 025, 255, 255, 000, 000, 000, 000, 000, 000, 000, 000, 000, 000, 000, 000, 
Julich               - 002, 000, 009, 000, 016, 000, 236, 001, 009, 000, 004, 000, 147, 000, 146, 000, 255, 001, 000, 000, 000, 025, 025, 025, 255, 255, 000, 000, 000, 000, 000, 000, 000, 000, 000, 000, 000, 000, 
Sollenau             - 002, 000, 009, 000, 015, 001, 087, 003, 009, 000, 004, 000, 147, 000, 146, 000, 255, 001, 000, 000, 000, 025, 025, 025, 255, 255, 000, 000, 000, 000, 000, 000, 000, 000, 000, 000, 000, 000, 
Schalchen            - 002, 000, 009, 000, 198, 000, 083, 003, 009, 000, 004, 000, 147, 000, 146, 000, 255, 001, 000, 000, 000, 025, 025, 025, 255, 255, 000, 000, 000, 000, 000, 000, 000, 000, 000, 000, 000, 000, 
Altenberg            - 002, 000, 009, 000, 042, 000, 214, 001, 009, 000, 004, 000, 147, 000, 146, 000, 255, 001, 000, 000, 000, 025, 025, 025, 255, 255, 000, 000, 000, 000, 000, 000, 000, 000, 000, 000, 000, 000, 
Dahldorf             - 002, 000, 009, 000, 025, 001, 108, 000, 009, 000, 004, 000, 147, 000, 146, 000, 255, 001, 000, 000, 000, 025, 025, 025, 255, 255, 000, 000, 000, 000, 000, 000, 000, 000, 000, 000, 000, 000, 
Steigra              - 002, 000, 009, 000, 157, 000, 207, 001, 009, 000, 004, 000, 147, 000, 146, 000, 255, 001, 000, 000, 000, 025, 025, 025, 255, 255, 000, 000, 000, 000, 000, 000, 000, 000, 000, 000, 000, 000, 
Wollenberg           - 002, 000, 009, 000, 208, 000, 054, 001, 009, 000, 004, 000, 147, 000, 146, 000, 255, 001, 000, 000, 000, 025, 025, 025, 255, 255, 000, 000, 000, 000, 000, 000, 000, 000, 000, 000, 000, 000, 
Grotsch              - 002, 000, 009, 000, 003, 001, 243, 001, 009, 000, 004, 000, 147, 000, 146, 000, 255, 001, 000, 000, 000, 025, 025, 025, 255, 255, 000, 000, 000, 000, 000, 000, 000, 000, 000, 000, 000, 000, 
Voigtdorf            - 002, 000, 009, 000, 203, 000, 202, 000, 009, 000, 004, 000, 147, 000, 146, 000, 255, 001, 000, 000, 000, 025, 025, 025, 255, 255, 000, 000, 000, 000, 000, 000, 000, 000, 000, 000, 000, 000, 
Gresse               - 002, 000, 009, 000, 137, 000, 205, 000, 009, 000, 004, 000, 147, 000, 146, 000, 255, 001, 000, 000, 000, 025, 025, 025, 255, 255, 000, 000, 000, 000, 000, 000, 000, 000, 000, 000, 000, 000, 
Impflan              - 002, 000, 009, 000, 055, 000, 200, 002, 009, 000, 004, 000, 147, 000, 146, 000, 255, 001, 000, 000, 000, 025, 025, 025, 255, 255, 000, 000, 000, 000, 000, 000, 000, 000, 000, 000, 000, 000, 
Nesse                - 008, 000, 013, 000, 037, 000, 058, 001, 001, 000, 001, 000, 133, 000, 098, 000, 255, 001, 000, 000, 000, 025, 025, 025, 255, 255, 000, 000, 000, 000, 000, 000, 000, 000, 000, 000, 000, 000, 
Vechta               - 008, 000, 013, 000, 073, 000, 116, 002, 001, 000, 001, 000, 133, 000, 098, 000, 255, 001, 000, 000, 000, 025, 025, 025, 255, 255, 000, 000, 000, 000, 000, 000, 000, 000, 000, 000, 000, 000, 
Schwerin             - 008, 000, 013, 000, 148, 000, 182, 000, 001, 000, 001, 000, 133, 000, 098, 000, 255, 001, 000, 000, 000, 025, 025, 025, 255, 255, 000, 000, 000, 000, 000, 000, 000, 000, 000, 000, 000, 000, 
Putten               - 008, 000, 013, 000, 012, 001, 118, 003, 001, 000, 001, 000, 133, 000, 098, 000, 255, 001, 000, 000, 000, 025, 025, 025, 255, 255, 000, 000, 000, 000, 000, 000, 000, 000, 000, 000, 000, 000, 
Glogau               - 008, 000, 013, 000, 010, 001, 159, 001, 001, 000, 001, 000, 133, 000, 098, 000, 255, 001, 000, 000, 000, 025, 025, 025, 255, 255, 000, 000, 000, 000, 000, 000, 000, 000, 000, 000, 000, 000, 
Brieg                - 008, 000, 013, 000, 044, 001, 250, 001, 001, 000, 001, 000, 133, 000, 098, 000, 255, 001, 000, 000, 000, 025, 025, 025, 255, 255, 000, 000, 000, 000, 000, 000, 000, 000, 000, 000, 000, 000, 
Alpine Cave          - 024, 000, 012, 000, 200, 000, 141, 003, 001, 000, 001, 000, 240, 000, 098, 000, 255, 001, 000, 000, 000, 025, 025, 025, 255, 255, 000, 000, 000, 000, 000, 000, 000, 000, 000, 000, 000, 000, 
Lair                 - 015, 000, 012, 000, 087, 000, 029, 001, 010, 000, 002, 000, 098, 000, 098, 000, 255, 001, 000, 000, 000, 025, 025, 025, 255, 255, 000, 000, 000, 000, 000, 000, 000, 000, 000, 000, 000, 000, 
Lair                 - 015, 000, 012, 000, 242, 000, 014, 001, 010, 000, 002, 000, 098, 000, 098, 000, 255, 001, 000, 000, 000, 025, 025, 025, 255, 255, 000, 000, 000, 000, 000, 000, 000, 000, 000, 000, 000, 000, 
Lair                 - 015, 000, 012, 000, 134, 000, 170, 001, 010, 000, 002, 000, 098, 000, 098, 000, 255, 001, 000, 000, 000, 025, 025, 025, 255, 255, 000, 000, 000, 000, 000, 000, 000, 000, 000, 000, 000, 000, 
Lair                 - 015, 000, 012, 000, 053, 000, 226, 001, 010, 000, 002, 000, 098, 000, 098, 000, 255, 001, 000, 000, 000, 025, 025, 025, 255, 255, 000, 000, 000, 000, 000, 000, 000, 000, 000, 000, 000, 000, 
Lair                 - 015, 000, 012, 000, 182, 000, 065, 002, 010, 000, 002, 000, 098, 000, 098, 000, 255, 001, 000, 000, 000, 025, 025, 025, 255, 255, 000, 000, 000, 000, 000, 000, 000, 000, 000, 000, 000, 000, 
Lair                 - 015, 000, 012, 000, 200, 000, 230, 002, 010, 000, 002, 000, 098, 000, 098, 000, 255, 001, 000, 000, 000, 025, 025, 025, 255, 255, 000, 000, 000, 000, 000, 000, 000, 000, 000, 000, 000, 000, 
Lair                 - 015, 000, 012, 000, 024, 000, 077, 003, 010, 000, 002, 000, 098, 000, 098, 000, 255, 001, 000, 000, 000, 025, 025, 025, 255, 255, 000, 000, 000, 000, 000, 000, 000, 000, 000, 000, 000, 000, 
Lair                 - 015, 000, 012, 000, 251, 000, 143, 003, 010, 000, 002, 000, 098, 000, 098, 000, 255, 001, 000, 000, 000, 025, 025, 025, 255, 255, 000, 000, 000, 000, 000, 000, 000, 000, 000, 000, 000, 000, 
Sibculo              - 008, 000, 014, 000, 075, 000, 047, 001, 001, 000, 003, 000, 133, 000, 098, 000, 255, 001, 000, 000, 000, 025, 025, 025, 255, 255, 000, 000, 000, 000, 000, 000, 000, 000, 000, 000, 000, 000, 
Ihlo                 - 008, 000, 014, 000, 038, 000, 200, 000, 001, 000, 003, 000, 133, 000, 098, 000, 255, 001, 000, 000, 000, 025, 025, 025, 255, 255, 000, 000, 000, 000, 000, 000, 000, 000, 000, 000, 000, 000, 
Wittelte             - 008, 000, 014, 000, 022, 000, 011, 001, 001, 000, 003, 000, 133, 000, 098, 000, 255, 001, 000, 000, 000, 025, 025, 025, 255, 255, 000, 000, 000, 000, 000, 000, 000, 000, 000, 000, 000, 000, 
Hude                 - 008, 000, 014, 000, 077, 000, 234, 000, 001, 000, 003, 000, 133, 000, 098, 000, 255, 001, 000, 000, 000, 025, 025, 025, 255, 255, 000, 000, 000, 000, 000, 000, 000, 000, 000, 000, 000, 000, 
Vechta               - 008, 000, 014, 000, 055, 000, 089, 001, 001, 000, 003, 000, 133, 000, 098, 000, 255, 001, 000, 000, 000, 025, 025, 025, 255, 255, 000, 000, 000, 000, 000, 000, 000, 000, 000, 000, 000, 000, 
Essen                - 008, 000, 014, 000, 038, 000, 181, 001, 001, 000, 003, 000, 133, 000, 098, 000, 255, 001, 000, 000, 000, 025, 025, 025, 255, 255, 000, 000, 000, 000, 000, 000, 000, 000, 000, 000, 000, 000, 
Recklinghsn          - 008, 000, 014, 000, 046, 000, 158, 001, 001, 000, 003, 000, 133, 000, 098, 000, 255, 001, 000, 000, 000, 025, 025, 025, 255, 255, 000, 000, 000, 000, 000, 000, 000, 000, 000, 000, 000, 000, 
Neuss                - 008, 000, 014, 000, 028, 000, 201, 001, 001, 000, 003, 000, 133, 000, 098, 000, 255, 001, 000, 000, 000, 025, 025, 025, 255, 255, 000, 000, 000, 000, 000, 000, 000, 000, 000, 000, 000, 000, 
Geldern              - 008, 000, 014, 000, 045, 000, 103, 002, 001, 000, 003, 000, 133, 000, 098, 000, 255, 001, 000, 000, 000, 025, 025, 025, 255, 255, 000, 000, 000, 000, 000, 000, 000, 000, 000, 000, 000, 000, 
St.Goar              - 008, 000, 014, 000, 095, 000, 077, 002, 001, 000, 003, 000, 133, 000, 098, 000, 255, 001, 000, 000, 000, 025, 025, 025, 255, 255, 000, 000, 000, 000, 000, 000, 000, 000, 000, 000, 000, 000, 
Simmern              - 008, 000, 014, 000, 045, 000, 103, 002, 001, 000, 003, 000, 133, 000, 098, 000, 255, 001, 000, 000, 000, 025, 025, 025, 255, 255, 000, 000, 000, 000, 000, 000, 000, 000, 000, 000, 000, 000, 
Germersheim          - 008, 000, 014, 000, 065, 000, 230, 002, 001, 000, 003, 000, 133, 000, 098, 000, 255, 001, 000, 000, 000, 025, 025, 025, 255, 255, 000, 000, 000, 000, 000, 000, 000, 000, 000, 000, 000, 000, 
Selz                 - 008, 000, 014, 000, 058, 000, 243, 002, 001, 000, 003, 000, 133, 000, 098, 000, 255, 001, 000, 000, 000, 025, 025, 025, 255, 255, 000, 000, 000, 000, 000, 000, 000, 000, 000, 000, 000, 000, 
Epinal               - 008, 000, 014, 000, 014, 000, 067, 003, 001, 000, 003, 000, 133, 000, 098, 000, 255, 001, 000, 000, 000, 025, 025, 025, 255, 255, 000, 000, 000, 000, 000, 000, 000, 000, 000, 000, 000, 000, 
Alstern              - 008, 000, 014, 000, 042, 000, 043, 002, 001, 000, 003, 000, 133, 000, 098, 000, 255, 001, 000, 000, 000, 025, 025, 025, 255, 255, 000, 000, 000, 000, 000, 000, 000, 000, 000, 000, 000, 000, 
Verden               - 008, 000, 014, 000, 011, 000, 203, 001, 001, 000, 003, 000, 133, 000, 098, 000, 255, 001, 000, 000, 000, 025, 025, 025, 255, 255, 000, 000, 000, 000, 000, 000, 000, 000, 000, 000, 000, 000, 
Hoya                 - 008, 000, 014, 000, 140, 000, 112, 000, 001, 000, 003, 000, 133, 000, 098, 000, 255, 001, 000, 000, 000, 025, 025, 025, 255, 255, 000, 000, 000, 000, 000, 000, 000, 000, 000, 000, 000, 000, 
Rammelsburg          - 006, 000, 013, 000, 125, 000, 141, 001, 001, 000, 001, 000, 045, 000, 098, 000, 255, 001, 000, 000, 000, 025, 025, 025, 255, 255, 000, 000, 000, 000, 000, 000, 000, 000, 000, 000, 000, 000, 
Schneeberg           - 006, 000, 013, 000, 191, 000, 008, 002, 001, 000, 001, 000, 045, 000, 098, 000, 255, 001, 000, 000, 000, 025, 025, 025, 255, 255, 000, 000, 000, 000, 000, 000, 000, 000, 000, 000, 000, 000, 
Schwaz               - 006, 000, 013, 000, 167, 000, 159, 003, 001, 000, 001, 000, 045, 000, 098, 000, 255, 001, 000, 000, 000, 025, 025, 025, 255, 255, 000, 000, 000, 000, 000, 000, 000, 000, 000, 000, 000, 000, 
Annaberg             - 006, 000, 013, 000, 194, 000, 049, 002, 001, 000, 001, 000, 045, 000, 098, 000, 255, 001, 000, 000, 000, 025, 025, 025, 255, 255, 000, 000, 000, 000, 000, 000, 000, 000, 000, 000, 000, 000, 
Iglau                - 006, 000, 013, 000, 001, 001, 179, 002, 001, 000, 001, 000, 045, 000, 098, 000, 255, 001, 000, 000, 000, 025, 025, 025, 255, 255, 000, 000, 000, 000, 000, 000, 000, 000, 000, 000, 000, 000, 
Langenau             - 006, 000, 013, 000, 192, 000, 013, 002, 001, 000, 001, 000, 045, 000, 098, 000, 255, 001, 000, 000, 000, 025, 025, 025, 255, 255, 000, 000, 000, 000, 000, 000, 000, 000, 000, 000, 000, 000, 
Zbraslavice          - 006, 000, 013, 000, 246, 000, 119, 002, 001, 000, 001, 000, 045, 000, 098, 000, 255, 001, 000, 000, 000, 025, 025, 025, 255, 255, 000, 000, 000, 000, 000, 000, 000, 000, 000, 000, 000, 000, 
Deutsch-Brod         - 006, 000, 013, 000, 250, 000, 149, 002, 001, 000, 001, 000, 045, 000, 098, 000, 255, 001, 000, 000, 000, 025, 025, 025, 255, 255, 000, 000, 000, 000, 000, 000, 000, 000, 000, 000, 000, 000, 
Bartenheim           - 006, 000, 013, 000, 040, 000, 144, 003, 001, 000, 001, 000, 045, 000, 098, 000, 255, 001, 000, 000, 000, 025, 025, 025, 255, 255, 000, 000, 000, 000, 000, 000, 000, 000, 000, 000, 000, 000, 
Moresnet             - 006, 000, 013, 000, 008, 000, 006, 002, 001, 000, 001, 000, 045, 000, 098, 000, 255, 001, 000, 000, 000, 025, 025, 025, 255, 255, 000, 000, 000, 000, 000, 000, 000, 000, 000, 000, 000, 000, 
Dofering             - 006, 000, 013, 000, 188, 000, 206, 002, 001, 000, 001, 000, 045, 000, 098, 000, 255, 001, 000, 000, 000, 025, 025, 025, 255, 255, 000, 000, 000, 000, 000, 000, 000, 000, 000, 000, 000, 000, 
Koben                - 006, 000, 013, 000, 013, 001, 199, 001, 001, 000, 001, 000, 045, 000, 098, 000, 255, 001, 000, 000, 000, 025, 025, 025, 255, 255, 000, 000, 000, 000, 000, 000, 000, 000, 000, 000, 000, 000, 
Totengrund           - 021, 000, 013, 000, 111, 000, 235, 000, 001, 000, 005, 000, 061, 001, 098, 000, 255, 001, 000, 000, 000, 025, 025, 025, 255, 255, 000, 000, 000, 000, 000, 000, 000, 000, 000, 000, 000, 000, 
Anjum                - 021, 000, 013, 000, 022, 000, 198, 000, 001, 000, 005, 000, 061, 001, 098, 000, 255, 001, 000, 000, 000, 025, 025, 025, 255, 255, 000, 000, 000, 000, 000, 000, 000, 000, 000, 000, 000, 000, 
Bartschsumpf         - 021, 000, 013, 000, 034, 001, 170, 001, 001, 000, 005, 000, 061, 001, 098, 000, 255, 001, 000, 000, 000, 025, 025, 025, 255, 255, 000, 000, 000, 000, 000, 000, 000, 000, 000, 000, 000, 000, 
Brocken              - 021, 000, 013, 000, 124, 000, 154, 001, 001, 000, 005, 000, 061, 001, 098, 000, 255, 001, 000, 000, 000, 025, 025, 025, 255, 255, 000, 000, 000, 000, 000, 000, 000, 000, 000, 000, 000, 000, 
Nornisgrinde         - 021, 000, 013, 000, 061, 000, 020, 003, 001, 000, 005, 000, 061, 001, 098, 000, 255, 001, 000, 000, 000, 025, 025, 025, 255, 255, 000, 000, 000, 000, 000, 000, 000, 000, 000, 000, 000, 000, 
Racza                - 021, 000, 013, 000, 065, 001, 167, 002, 001, 000, 005, 000, 061, 001, 098, 000, 255, 001, 000, 000, 000, 025, 025, 025, 255, 255, 000, 000, 000, 000, 000, 000, 000, 000, 000, 000, 000, 000, 
Hexentanzplatz       - 021, 000, 013, 000, 136, 000, 160, 001, 001, 000, 005, 000, 061, 001, 098, 000, 255, 001, 000, 000, 000, 025, 025, 025, 255, 255, 000, 000, 000, 000, 000, 000, 000, 000, 000, 000, 000, 000, 
Feldberg             - 021, 000, 013, 000, 052, 000, 106, 003, 001, 000, 005, 000, 061, 001, 098, 000, 255, 001, 000, 000, 000, 025, 025, 025, 255, 255, 000, 000, 000, 000, 000, 000, 000, 000, 000, 000, 000, 000, 
Watzmann             - 021, 000, 013, 000, 188, 000, 157, 003, 001, 000, 005, 000, 061, 001, 098, 000, 255, 001, 000, 000, 000, 025, 025, 025, 255, 255, 000, 000, 000, 000, 000, 000, 000, 000, 000, 000, 000, 000, 
Achlum               - 021, 000, 013, 000, 253, 000, 016, 002, 001, 000, 005, 000, 061, 001, 098, 000, 255, 001, 000, 000, 000, 025, 025, 025, 255, 255, 000, 000, 000, 000, 000, 000, 000, 000, 000, 000, 000, 000, 
Rammelsburg          - 006, 000, 013, 000, 052, 000, 183, 002, 001, 000, 001, 000, 045, 000, 098, 000, 255, 001, 000, 000, 000, 025, 025, 025, 255, 255, 000, 000, 000, 000, 000, 000, 000, 000, 000, 000, 000, 000, 
Spring               - 016, 000, 013, 000, 021, 000, 208, 000, 001, 000, 001, 000, 248, 000, 098, 000, 255, 001, 000, 000, 000, 025, 025, 025, 255, 255, 000, 000, 000, 000, 000, 000, 000, 000, 000, 000, 000, 000, 
Cave                 - 005, 000, 013, 000, 030, 000, 024, 002, 001, 000, 001, 000, 250, 000, 098, 000, 255, 001, 000, 000, 000, 025, 025, 025, 255, 255, 000, 000, 000, 000, 000, 000, 000, 000, 000, 000, 000, 000, 
Lake                 - 017, 000, 013, 000, 247, 000, 135, 003, 001, 000, 001, 000, 249, 000, 098, 000, 255, 001, 000, 000, 000, 025, 025, 025, 255, 255, 000, 000, 000, 000, 000, 000, 000, 000, 000, 000, 000, 000, 
Shrine               - 018, 000, 013, 000, 082, 000, 057, 002, 001, 000, 001, 000, 251, 000, 098, 000, 255, 001, 000, 000, 000, 025, 025, 025, 255, 255, 000, 000, 000, 000, 000, 000, 000, 000, 000, 000, 000, 000, 
Tomb                 - 013, 000, 013, 000, 114, 000, 067, 001, 001, 000, 001, 000, 000, 001, 098, 000, 255, 001, 000, 000, 000, 025, 025, 025, 255, 255, 000, 000, 000, 000, 000, 000, 000, 000, 000, 000, 000, 000, 
Cave                 - 019, 000, 013, 000, 045, 000, 143, 003, 001, 000, 001, 000, 252, 000, 098, 000, 255, 001, 000, 000, 000, 025, 025, 025, 255, 255, 000, 000, 000, 000, 000, 000, 000, 000, 000, 000, 000, 000, 
Pagan Altar          - 020, 000, 013, 000, 084, 000, 217, 002, 001, 000, 099, 000, 254, 000, 098, 000, 255, 001, 000, 000, 000, 025, 025, 025, 255, 255, 000, 000, 000, 000, 000, 000, 000, 000, 000, 000, 000, 000, 
Spring               - 016, 000, 013, 000, 043, 000, 058, 003, 001, 000, 001, 000, 248, 000, 098, 000, 255, 001, 000, 000, 000, 025, 025, 025, 255, 255, 000, 000, 000, 000, 000, 000, 000, 000, 000, 000, 000, 000, 
Valkenberg           - 021, 000, 013, 000, 005, 000, 245, 001, 001, 000, 001, 000, 061, 001, 098, 000, 255, 001, 000, 000, 000, 025, 025, 025, 255, 255, 000, 000, 000, 000, 000, 000, 000, 000, 000, 000, 000, 000, 
Lugum                - 022, 000, 013, 000, 100, 000, 026, 000, 001, 000, 001, 000, 042, 001, 098, 000, 255, 001, 000, 000, 000, 025, 025, 025, 255, 255, 000, 000, 000, 000, 000, 000, 000, 000, 000, 000, 000, 000, 
Teufelstein          - 004, 000, 013, 000, 244, 000, 005, 002, 001, 000, 001, 000, 098, 000, 098, 000, 255, 001, 000, 000, 000, 025, 025, 025, 255, 255, 000, 000, 000, 000, 000, 000, 000, 000, 000, 000, 000, 000, 
Tafelfichte          - 004, 000, 013, 000, 022, 001, 133, 003, 001, 000, 001, 000, 098, 000, 098, 000, 255, 001, 000, 000, 000, 025, 025, 025, 255, 255, 000, 000, 000, 000, 000, 000, 000, 000, 000, 000, 000, 000, 
Hochkonig            - 023, 000, 013, 000, 192, 000, 159, 003, 001, 000, 001, 000, 088, 001, 098, 000, 255, 001, 000, 000, 000, 025, 025, 025, 255, 255, 000, 000, 000, 000, 000, 000, 000, 000, 000, 000, 000, 000, 
SeeWinkel            - 004, 000, 013, 000, 031, 001, 092, 003, 001, 000, 001, 000, 098, 000, 098, 000, 255, 001, 000, 000, 000, 025, 025, 025, 255, 255, 000, 000, 000, 000, 000, 000, 000, 000, 000, 000, 000, 000, 
Vogelsberg           - 004, 000, 013, 000, 091, 000, 056, 002, 001, 000, 001, 000, 098, 000, 098, 000, 255, 001, 000, 000, 000, 025, 025, 025, 255, 255, 000, 000, 000, 000, 000, 000, 000, 000, 000, 000, 000, 000, 
Juterbog             - 001, 000, 013, 000, 175, 000, 136, 001, 001, 000, 001, 000, 242, 000, 098, 000, 255, 001, 000, 000, 000, 025, 025, 025, 255, 255, 000, 000, 000, 000, 000, 000, 000, 000, 000, 000, 000, 000, 
Hundeluft            - 003, 000, 013, 000, 175, 000, 131, 001, 001, 000, 001, 000, 245, 000, 098, 000, 255, 001, 000, 000, 000, 025, 025, 025, 255, 255, 000, 000, 000, 000, 000, 000, 000, 000, 000, 000, 000, 000, 
Halberstadt          - 025, 000, 013, 000, 148, 000, 131, 001, 001, 000, 001, 000, 036, 001, 098, 000, 255, 001, 000, 000, 000, 025, 025, 025, 255, 255, 000, 000, 000, 000, 000, 000, 000, 000, 000, 000, 000, 000, 
Lauf                 - 008, 000, 014, 000, 048, 000, 181, 002, 001, 000, 001, 000, 133, 000, 098, 000, 255, 001, 000, 000, 000, 025, 025, 025, 255, 255, 000, 000, 000, 000, 000, 000, 000, 000, 000, 000, 000, 000, 
Nesse                - 001, 000, 014, 000, 011, 000, 229, 000, 001, 000, 001, 000, 242, 000, 098, 000, 255, 001, 000, 000, 000, 025, 025, 025, 255, 255, 000, 000, 000, 000, 000, 000, 000, 000, 000, 000, 000, 000, 
Nordstedt            - 008, 000, 014, 000, 033, 000, 020, 000, 001, 000, 001, 000, 133, 000, 098, 000, 255, 001, 000, 000, 000, 025, 025, 025, 255, 255, 000, 000, 000, 000, 000, 000, 000, 000, 000, 000, 000, 000, 
Ihlo                 - 003, 000, 014, 000, 029, 000, 240, 000, 001, 000, 001, 000, 245, 000, 098, 000, 255, 001, 000, 000, 000, 025, 025, 025, 255, 255, 000, 000, 000, 000, 000, 000, 000, 000, 000, 000, 000, 000, 
Tongeren             - 008, 000, 014, 000, 005, 000, 076, 001, 001, 000, 001, 000, 133, 000, 098, 000, 255, 001, 000, 000, 000, 025, 025, 025, 255, 255, 000, 000, 000, 000, 000, 000, 000, 000, 000, 000, 000, 000, 
Hekeren              - 001, 000, 014, 000, 021, 000, 087, 001, 001, 000, 001, 000, 242, 000, 098, 000, 255, 001, 000, 000, 000, 025, 025, 025, 255, 255, 000, 000, 000, 000, 000, 000, 000, 000, 000, 000, 000, 000, 
Norden               - 008, 000, 014, 000, 038, 000, 171, 000, 001, 000, 001, 000, 133, 000, 098, 000, 255, 001, 000, 000, 000, 025, 025, 025, 255, 255, 000, 000, 000, 000, 000, 000, 000, 000, 000, 000, 000, 000, 
Meppen               - 001, 000, 014, 000, 051, 000, 011, 001, 001, 000, 001, 000, 242, 000, 098, 000, 255, 001, 000, 000, 000, 025, 025, 025, 255, 255, 000, 000, 000, 000, 000, 000, 000, 000, 000, 000, 000, 000, 
Barthe               - 008, 000, 014, 000, 056, 000, 199, 000, 001, 000, 001, 000, 133, 000, 098, 000, 255, 001, 000, 000, 000, 025, 025, 025, 255, 255, 000, 000, 000, 000, 000, 000, 000, 000, 000, 000, 000, 000, 
Herford              - 001, 000, 014, 000, 080, 000, 099, 001, 001, 000, 001, 000, 242, 000, 098, 000, 255, 001, 000, 000, 000, 025, 025, 025, 255, 255, 000, 000, 000, 000, 000, 000, 000, 000, 000, 000, 000, 000, 
Vechta               - 003, 000, 014, 000, 071, 000, 015, 001, 001, 000, 001, 000, 245, 000, 098, 000, 255, 001, 000, 000, 000, 025, 025, 025, 255, 255, 000, 000, 000, 000, 000, 000, 000, 000, 000, 000, 000, 000, 
Sternberg            - 001, 000, 014, 000, 094, 000, 113, 001, 001, 000, 001, 000, 242, 000, 098, 000, 255, 001, 000, 000, 000, 025, 025, 025, 255, 255, 000, 000, 000, 000, 000, 000, 000, 000, 000, 000, 000, 000, 
Bielefeld            - 008, 000, 014, 000, 071, 000, 114, 001, 001, 000, 001, 000, 133, 000, 098, 000, 255, 001, 000, 000, 000, 025, 025, 025, 255, 255, 000, 000, 000, 000, 000, 000, 000, 000, 000, 000, 000, 000, 
Goch                 - 001, 000, 014, 000, 016, 000, 150, 001, 001, 000, 001, 000, 242, 000, 098, 000, 255, 001, 000, 000, 000, 025, 025, 025, 255, 255, 000, 000, 000, 000, 000, 000, 000, 000, 000, 000, 000, 000, 
Gemert               - 003, 000, 014, 000, 005, 000, 148, 001, 001, 000, 001, 000, 245, 000, 098, 000, 255, 001, 000, 000, 000, 025, 025, 025, 255, 255, 000, 000, 000, 000, 000, 000, 000, 000, 000, 000, 000, 000, 
Verden               - 001, 000, 014, 000, 097, 000, 009, 001, 001, 000, 001, 000, 242, 000, 098, 000, 255, 001, 000, 000, 000, 025, 025, 025, 255, 255, 000, 000, 000, 000, 000, 000, 000, 000, 000, 000, 000, 000, 
Helmond              - 008, 000, 014, 000, 003, 000, 176, 001, 001, 000, 001, 000, 133, 000, 098, 000, 255, 001, 000, 000, 000, 025, 025, 025, 255, 255, 000, 000, 000, 000, 000, 000, 000, 000, 000, 000, 000, 000, 
Eller                - 001, 000, 014, 000, 030, 000, 200, 001, 001, 000, 001, 000, 242, 000, 098, 000, 255, 001, 000, 000, 000, 025, 025, 025, 255, 255, 000, 000, 000, 000, 000, 000, 000, 000, 000, 000, 000, 000, 
Limberg              - 008, 000, 014, 000, 006, 000, 019, 002, 001, 000, 001, 000, 133, 000, 098, 000, 255, 001, 000, 000, 000, 025, 025, 025, 255, 255, 000, 000, 000, 000, 000, 000, 000, 000, 000, 000, 000, 000, 
Spa                  - 001, 000, 014, 000, 003, 000, 034, 002, 001, 000, 001, 000, 242, 000, 098, 000, 255, 001, 000, 000, 000, 025, 025, 025, 255, 255, 000, 000, 000, 000, 000, 000, 000, 000, 000, 000, 000, 000, 
Vianden              - 008, 000, 014, 000, 010, 000, 106, 002, 001, 000, 001, 000, 133, 000, 098, 000, 255, 001, 000, 000, 000, 025, 025, 025, 255, 255, 000, 000, 000, 000, 000, 000, 000, 000, 000, 000, 000, 000, 
Virneburg            - 003, 000, 014, 000, 033, 000, 059, 002, 001, 000, 001, 000, 245, 000, 098, 000, 255, 001, 000, 000, 000, 025, 025, 025, 255, 255, 000, 000, 000, 000, 000, 000, 000, 000, 000, 000, 000, 000, 
Geldern              - 008, 000, 014, 000, 019, 000, 171, 001, 001, 000, 001, 000, 133, 000, 098, 000, 255, 001, 000, 000, 000, 025, 025, 025, 255, 255, 000, 000, 000, 000, 000, 000, 000, 000, 000, 000, 000, 000, 
Veldenz              - 001, 000, 014, 000, 035, 000, 110, 002, 001, 000, 001, 000, 242, 000, 098, 000, 255, 001, 000, 000, 000, 025, 025, 025, 255, 255, 000, 000, 000, 000, 000, 000, 000, 000, 000, 000, 000, 000, 
Guntersblum          - 008, 000, 014, 000, 067, 000, 126, 002, 001, 000, 001, 000, 133, 000, 098, 000, 255, 001, 000, 000, 000, 025, 025, 025, 255, 255, 000, 000, 000, 000, 000, 000, 000, 000, 000, 000, 000, 000, 
Gollheim             - 001, 000, 014, 000, 055, 000, 148, 002, 001, 000, 001, 000, 242, 000, 098, 000, 255, 001, 000, 000, 000, 025, 025, 025, 255, 255, 000, 000, 000, 000, 000, 000, 000, 000, 000, 000, 000, 000, 
St.Wen               - 008, 000, 014, 000, 034, 000, 169, 002, 001, 000, 001, 000, 133, 000, 098, 000, 255, 001, 000, 000, 000, 025, 025, 025, 255, 255, 000, 000, 000, 000, 000, 000, 000, 000, 000, 000, 000, 000, 
Mittelbach           - 003, 000, 014, 000, 038, 000, 192, 002, 001, 000, 001, 000, 245, 000, 098, 000, 255, 001, 000, 000, 000, 025, 025, 025, 255, 255, 000, 000, 000, 000, 000, 000, 000, 000, 000, 000, 000, 000, 
St.Avold             - 008, 000, 014, 000, 032, 000, 200, 002, 001, 000, 001, 000, 133, 000, 098, 000, 255, 001, 000, 000, 000, 025, 025, 025, 255, 255, 000, 000, 000, 000, 000, 000, 000, 000, 000, 000, 000, 000, 
Germersheim          - 001, 000, 014, 000, 065, 000, 212, 002, 001, 000, 001, 000, 242, 000, 098, 000, 255, 001, 000, 000, 000, 025, 025, 025, 255, 255, 000, 000, 000, 000, 000, 000, 000, 000, 000, 000, 000, 000, 
Hagenau              - 008, 000, 014, 000, 048, 000, 252, 002, 001, 000, 001, 000, 133, 000, 098, 000, 255, 001, 000, 000, 000, 025, 025, 025, 255, 255, 000, 000, 000, 000, 000, 000, 000, 000, 000, 000, 000, 000, 
Morchingen           - 001, 000, 014, 000, 022, 000, 232, 002, 001, 000, 001, 000, 242, 000, 098, 000, 255, 001, 000, 000, 000, 025, 025, 025, 255, 255, 000, 000, 000, 000, 000, 000, 000, 000, 000, 000, 000, 000, 
Weiller              - 008, 000, 014, 000, 044, 000, 045, 003, 001, 000, 001, 000, 133, 000, 098, 000, 255, 001, 000, 000, 000, 025, 025, 025, 255, 255, 000, 000, 000, 000, 000, 000, 000, 000, 000, 000, 000, 000, 
Lothringen           - 001, 000, 014, 000, 029, 000, 085, 003, 001, 000, 001, 000, 242, 000, 098, 000, 255, 001, 000, 000, 000, 025, 025, 025, 255, 255, 000, 000, 000, 000, 000, 000, 000, 000, 000, 000, 000, 000, 
Mulhausen            - 008, 000, 014, 000, 036, 000, 124, 003, 001, 000, 001, 000, 133, 000, 098, 000, 255, 001, 000, 000, 000, 025, 025, 025, 255, 255, 000, 000, 000, 000, 000, 000, 000, 000, 000, 000, 000, 000, 
Mompelgard           - 001, 000, 014, 000, 021, 000, 149, 003, 001, 000, 001, 000, 242, 000, 098, 000, 255, 001, 000, 000, 000, 025, 025, 025, 255, 255, 000, 000, 000, 000, 000, 000, 000, 000, 000, 000, 000, 000, 
Briey                - 008, 000, 014, 000, 003, 000, 185, 002, 001, 000, 001, 000, 133, 000, 098, 000, 255, 001, 000, 000, 000, 025, 025, 025, 255, 255, 000, 000, 000, 000, 000, 000, 000, 000, 000, 000, 000, 000, 
Brilon               - 003, 000, 014, 000, 077, 000, 191, 001, 001, 000, 001, 000, 245, 000, 098, 000, 255, 001, 000, 000, 000, 025, 025, 025, 255, 255, 000, 000, 000, 000, 000, 000, 000, 000, 000, 000, 000, 000, 
Naumburg             - 008, 000, 014, 000, 092, 000, 216, 001, 001, 000, 001, 000, 133, 000, 098, 000, 255, 001, 000, 000, 000, 025, 025, 025, 255, 255, 000, 000, 000, 000, 000, 000, 000, 000, 000, 000, 000, 000, 
Wildenburg           - 001, 000, 014, 000, 061, 000, 245, 001, 001, 000, 001, 000, 242, 000, 098, 000, 255, 001, 000, 000, 000, 025, 025, 025, 255, 255, 000, 000, 000, 000, 000, 000, 000, 000, 000, 000, 000, 000, 
Isenburg             - 008, 000, 014, 000, 052, 000, 044, 002, 001, 000, 001, 000, 133, 000, 098, 000, 255, 001, 000, 000, 000, 025, 025, 025, 255, 255, 000, 000, 000, 000, 000, 000, 000, 000, 000, 000, 000, 000, 
Camburg              - 001, 000, 014, 000, 066, 000, 068, 002, 001, 000, 001, 000, 242, 000, 098, 000, 255, 001, 000, 000, 000, 025, 025, 025, 255, 255, 000, 000, 000, 000, 000, 000, 000, 000, 000, 000, 000, 000, 
Berleburg            - 008, 000, 014, 000, 074, 000, 238, 001, 001, 000, 001, 000, 133, 000, 098, 000, 255, 001, 000, 000, 000, 025, 025, 025, 255, 255, 000, 000, 000, 000, 000, 000, 000, 000, 000, 000, 000, 000, 
Fritzlar             - 001, 000, 014, 000, 096, 000, 229, 001, 001, 000, 001, 000, 242, 000, 098, 000, 255, 001, 000, 000, 000, 025, 025, 025, 255, 255, 000, 000, 000, 000, 000, 000, 000, 000, 000, 000, 000, 000, 
Amoneberg            - 008, 000, 014, 000, 091, 000, 015, 002, 001, 000, 001, 000, 133, 000, 098, 000, 255, 001, 000, 000, 000, 025, 025, 025, 255, 255, 000, 000, 000, 000, 000, 000, 000, 000, 000, 000, 000, 000, 
Konigsberg           - 001, 000, 014, 000, 125, 000, 106, 002, 001, 000, 001, 000, 242, 000, 098, 000, 255, 001, 000, 000, 000, 025, 025, 025, 255, 255, 000, 000, 000, 000, 000, 000, 000, 000, 000, 000, 000, 000, 
Gelnhausen           - 003, 000, 014, 000, 090, 000, 074, 002, 001, 000, 001, 000, 245, 000, 098, 000, 255, 001, 000, 000, 000, 025, 025, 025, 255, 255, 000, 000, 000, 000, 000, 000, 000, 000, 000, 000, 000, 000, 
Geissen              - 001, 000, 014, 000, 079, 000, 034, 002, 001, 000, 001, 000, 242, 000, 098, 000, 255, 001, 000, 000, 000, 025, 025, 025, 255, 255, 000, 000, 000, 000, 000, 000, 000, 000, 000, 000, 000, 000, 
Hoxter               - 008, 000, 014, 000, 097, 000, 155, 001, 001, 000, 001, 000, 133, 000, 098, 000, 255, 001, 000, 000, 000, 025, 025, 025, 255, 255, 000, 000, 000, 000, 000, 000, 000, 000, 000, 000, 000, 000, 
Gaildorf             - 001, 000, 014, 000, 103, 000, 232, 001, 001, 000, 001, 000, 242, 000, 098, 000, 255, 001, 000, 000, 000, 025, 025, 025, 255, 255, 000, 000, 000, 000, 000, 000, 000, 000, 000, 000, 000, 000, 
Buckeburg            - 008, 000, 014, 000, 094, 000, 089, 001, 001, 000, 001, 000, 133, 000, 098, 000, 255, 001, 000, 000, 000, 025, 025, 025, 255, 255, 000, 000, 000, 000, 000, 000, 000, 000, 000, 000, 000, 000, 
Rotenburg            - 001, 000, 014, 000, 097, 000, 240, 000, 001, 000, 001, 000, 242, 000, 098, 000, 255, 001, 000, 000, 000, 025, 025, 025, 255, 255, 000, 000, 000, 000, 000, 000, 000, 000, 000, 000, 000, 000, 
Lauenberg            - 008, 000, 014, 000, 130, 000, 212, 000, 001, 000, 001, 000, 133, 000, 098, 000, 255, 001, 000, 000, 000, 025, 025, 025, 255, 255, 000, 000, 000, 000, 000, 000, 000, 000, 000, 000, 000, 000, 
Domitz               - 001, 000, 014, 000, 144, 000, 241, 000, 001, 000, 001, 000, 242, 000, 098, 000, 255, 001, 000, 000, 000, 025, 025, 025, 255, 255, 000, 000, 000, 000, 000, 000, 000, 000, 000, 000, 000, 000, 
Meldorf              - 008, 000, 014, 000, 095, 000, 128, 000, 001, 000, 001, 000, 133, 000, 098, 000, 255, 001, 000, 000, 000, 025, 025, 025, 255, 255, 000, 000, 000, 000, 000, 000, 000, 000, 000, 000, 000, 000, 
Eutin                - 001, 000, 014, 000, 128, 000, 126, 000, 001, 000, 001, 000, 242, 000, 098, 000, 255, 001, 000, 000, 000, 025, 025, 025, 255, 255, 000, 000, 000, 000, 000, 000, 000, 000, 000, 000, 000, 000, 
Hurup                - 008, 000, 014, 000, 107, 000, 043, 000, 001, 000, 001, 000, 133, 000, 098, 000, 255, 001, 000, 000, 000, 025, 025, 025, 255, 255, 000, 000, 000, 000, 000, 000, 000, 000, 000, 000, 000, 000, 
Salzwedel            - 001, 000, 014, 000, 140, 000, 019, 001, 001, 000, 001, 000, 242, 000, 098, 000, 255, 001, 000, 000, 000, 025, 025, 025, 255, 255, 000, 000, 000, 000, 000, 000, 000, 000, 000, 000, 000, 000, 
Helmstedt            - 008, 000, 014, 000, 138, 000, 095, 001, 001, 000, 001, 000, 133, 000, 098, 000, 255, 001, 000, 000, 000, 025, 025, 025, 255, 255, 000, 000, 000, 000, 000, 000, 000, 000, 000, 000, 000, 000, 
Gifhorn              - 003, 000, 014, 000, 128, 000, 067, 001, 001, 000, 001, 000, 245, 000, 098, 000, 255, 001, 000, 000, 000, 025, 025, 025, 255, 255, 000, 000, 000, 000, 000, 000, 000, 000, 000, 000, 000, 000, 
Einbeck              - 008, 000, 014, 000, 110, 000, 143, 001, 001, 000, 001, 000, 133, 000, 098, 000, 255, 001, 000, 000, 000, 025, 025, 025, 255, 255, 000, 000, 000, 000, 000, 000, 000, 000, 000, 000, 000, 000, 
Schluchtern          - 001, 000, 014, 000, 099, 000, 059, 002, 001, 000, 001, 000, 242, 000, 098, 000, 255, 001, 000, 000, 000, 025, 025, 025, 255, 255, 000, 000, 000, 000, 000, 000, 000, 000, 000, 000, 000, 000, 
Aschaffen            - 008, 000, 014, 000, 090, 000, 109, 002, 001, 000, 001, 000, 133, 000, 098, 000, 255, 001, 000, 000, 000, 025, 025, 025, 255, 255, 000, 000, 000, 000, 000, 000, 000, 000, 000, 000, 000, 000, 
Wurzen               - 001, 000, 014, 000, 072, 000, 119, 002, 001, 000, 001, 000, 242, 000, 098, 000, 255, 001, 000, 000, 000, 025, 025, 025, 255, 255, 000, 000, 000, 000, 000, 000, 000, 000, 000, 000, 000, 000, 
Mosbach              - 008, 000, 014, 000, 088, 000, 187, 002, 001, 000, 001, 000, 133, 000, 098, 000, 255, 001, 000, 000, 000, 025, 025, 025, 255, 255, 000, 000, 000, 000, 000, 000, 000, 000, 000, 000, 000, 000, 
Steinbach            - 001, 000, 014, 000, 100, 000, 183, 002, 001, 000, 001, 000, 242, 000, 098, 000, 255, 001, 000, 000, 000, 025, 025, 025, 255, 255, 000, 000, 000, 000, 000, 000, 000, 000, 000, 000, 000, 000, 
Schontal             - 008, 000, 014, 000, 095, 000, 204, 002, 001, 000, 001, 000, 133, 000, 098, 000, 255, 001, 000, 000, 000, 025, 025, 025, 255, 255, 000, 000, 000, 000, 000, 000, 000, 000, 000, 000, 000, 000, 
Kissingen            - 008, 000, 014, 000, 115, 000, 082, 002, 001, 000, 001, 000, 133, 000, 098, 000, 255, 001, 000, 000, 000, 025, 025, 025, 255, 255, 000, 000, 000, 000, 000, 000, 000, 000, 000, 000, 000, 000, 
Traffur              - 003, 000, 014, 000, 119, 000, 231, 001, 001, 000, 001, 000, 245, 000, 098, 000, 255, 001, 000, 000, 000, 025, 025, 025, 255, 255, 000, 000, 000, 000, 000, 000, 000, 000, 000, 000, 000, 000, 
Hofheim              - 008, 000, 014, 000, 125, 000, 097, 002, 001, 000, 001, 000, 133, 000, 098, 000, 255, 001, 000, 000, 000, 025, 025, 025, 255, 255, 000, 000, 000, 000, 000, 000, 000, 000, 000, 000, 000, 000, 
Meiningen            - 001, 000, 014, 000, 124, 000, 024, 002, 001, 000, 001, 000, 242, 000, 098, 000, 255, 001, 000, 000, 000, 025, 025, 025, 255, 255, 000, 000, 000, 000, 000, 000, 000, 000, 000, 000, 000, 000, 
Steinheim            - 008, 000, 014, 000, 091, 000, 235, 002, 001, 000, 001, 000, 133, 000, 098, 000, 255, 001, 000, 000, 000, 025, 025, 025, 255, 255, 000, 000, 000, 000, 000, 000, 000, 000, 000, 000, 000, 000, 
Schillings           - 001, 000, 014, 000, 118, 000, 199, 002, 001, 000, 001, 000, 242, 000, 098, 000, 255, 001, 000, 000, 000, 025, 025, 025, 255, 255, 000, 000, 000, 000, 000, 000, 000, 000, 000, 000, 000, 000, 
Ellwangen            - 008, 000, 014, 000, 113, 000, 249, 002, 001, 000, 001, 000, 133, 000, 098, 000, 255, 001, 000, 000, 000, 025, 025, 025, 255, 255, 000, 000, 000, 000, 000, 000, 000, 000, 000, 000, 000, 000, 
Gmund                - 001, 000, 014, 000, 103, 000, 005, 003, 001, 000, 001, 000, 242, 000, 098, 000, 255, 001, 000, 000, 000, 025, 025, 025, 255, 255, 000, 000, 000, 000, 000, 000, 000, 000, 000, 000, 000, 000, 
Donauworth           - 008, 000, 014, 000, 133, 000, 012, 003, 001, 000, 001, 000, 133, 000, 098, 000, 255, 001, 000, 000, 000, 025, 025, 025, 255, 255, 000, 000, 000, 000, 000, 000, 000, 000, 000, 000, 000, 000, 
Heidenheim           - 001, 000, 014, 000, 139, 000, 222, 002, 001, 000, 001, 000, 242, 000, 098, 000, 255, 001, 000, 000, 000, 025, 025, 025, 255, 255, 000, 000, 000, 000, 000, 000, 000, 000, 000, 000, 000, 000, 
Bruschal             - 008, 000, 014, 000, 073, 000, 217, 002, 001, 000, 001, 000, 133, 000, 098, 000, 255, 001, 000, 000, 000, 025, 025, 025, 255, 255, 000, 000, 000, 000, 000, 000, 000, 000, 000, 000, 000, 000, 
Weilstadt            - 001, 000, 014, 000, 079, 000, 011, 003, 001, 000, 001, 000, 242, 000, 098, 000, 255, 001, 000, 000, 000, 025, 025, 025, 255, 255, 000, 000, 000, 000, 000, 000, 000, 000, 000, 000, 000, 000, 
Offenburg            - 008, 000, 014, 000, 055, 000, 040, 003, 001, 000, 001, 000, 133, 000, 098, 000, 255, 001, 000, 000, 000, 025, 025, 025, 255, 255, 000, 000, 000, 000, 000, 000, 000, 000, 000, 000, 000, 000, 
Wanzenau             - 001, 000, 014, 000, 054, 000, 075, 003, 001, 000, 001, 000, 242, 000, 098, 000, 255, 001, 000, 000, 000, 025, 025, 025, 255, 255, 000, 000, 000, 000, 000, 000, 000, 000, 000, 000, 000, 000, 
Schaffhausen         - 008, 000, 014, 000, 066, 000, 134, 003, 001, 000, 001, 000, 133, 000, 098, 000, 255, 001, 000, 000, 000, 025, 025, 025, 255, 255, 000, 000, 000, 000, 000, 000, 000, 000, 000, 000, 000, 000, 
Sigmaringen          - 001, 000, 014, 000, 087, 000, 086, 003, 001, 000, 001, 000, 242, 000, 098, 000, 255, 001, 000, 000, 000, 025, 025, 025, 255, 255, 000, 000, 000, 000, 000, 000, 000, 000, 000, 000, 000, 000, 
Buckhorn             - 008, 000, 014, 000, 094, 000, 142, 003, 001, 000, 001, 000, 133, 000, 098, 000, 255, 001, 000, 000, 000, 025, 025, 025, 255, 255, 000, 000, 000, 000, 000, 000, 000, 000, 000, 000, 000, 000, 
Schussenried         - 003, 000, 014, 000, 098, 000, 107, 003, 001, 000, 001, 000, 245, 000, 098, 000, 255, 001, 000, 000, 000, 025, 025, 025, 255, 255, 000, 000, 000, 000, 000, 000, 000, 000, 000, 000, 000, 000, 
Trochtel             - 008, 000, 014, 000, 089, 000, 061, 003, 001, 000, 001, 000, 133, 000, 098, 000, 255, 001, 000, 000, 000, 025, 025, 025, 255, 255, 000, 000, 000, 000, 000, 000, 000, 000, 000, 000, 000, 000, 
Helfenstein          - 001, 000, 014, 000, 099, 000, 043, 003, 001, 000, 001, 000, 242, 000, 098, 000, 255, 001, 000, 000, 000, 025, 025, 025, 255, 255, 000, 000, 000, 000, 000, 000, 000, 000, 000, 000, 000, 000, 
Kempten              - 008, 000, 014, 000, 116, 000, 137, 003, 001, 000, 001, 000, 133, 000, 098, 000, 255, 001, 000, 000, 000, 025, 025, 025, 255, 255, 000, 000, 000, 000, 000, 000, 000, 000, 000, 000, 000, 000, 
Memmingen            - 001, 000, 014, 000, 114, 000, 108, 003, 001, 000, 001, 000, 242, 000, 098, 000, 255, 001, 000, 000, 000, 025, 025, 025, 255, 255, 000, 000, 000, 000, 000, 000, 000, 000, 000, 000, 000, 000, 
Kaufbeuren           - 001, 000, 014, 000, 127, 000, 119, 003, 001, 000, 001, 000, 242, 000, 098, 000, 255, 001, 000, 000, 000, 025, 025, 025, 255, 255, 000, 000, 000, 000, 000, 000, 000, 000, 000, 000, 000, 000, 
Giengen              - 008, 000, 014, 000, 118, 000, 015, 003, 001, 000, 001, 000, 133, 000, 098, 000, 255, 001, 000, 000, 000, 025, 025, 025, 255, 255, 000, 000, 000, 000, 000, 000, 000, 000, 000, 000, 000, 000, 
Landshut             - 001, 000, 014, 000, 168, 000, 036, 003, 001, 000, 001, 000, 242, 000, 098, 000, 255, 001, 000, 000, 000, 025, 025, 025, 255, 255, 000, 000, 000, 000, 000, 000, 000, 000, 000, 000, 000, 000, 
Straubring           - 008, 000, 014, 000, 177, 000, 248, 002, 001, 000, 001, 000, 133, 000, 098, 000, 255, 001, 000, 000, 000, 025, 025, 025, 255, 255, 000, 000, 000, 000, 000, 000, 000, 000, 000, 000, 000, 000, 
Muhldorf             - 001, 000, 014, 000, 162, 000, 083, 003, 001, 000, 001, 000, 242, 000, 098, 000, 255, 001, 000, 000, 000, 025, 025, 025, 255, 255, 000, 000, 000, 000, 000, 000, 000, 000, 000, 000, 000, 000, 
Ortenberg            - 008, 000, 014, 000, 195, 000, 038, 003, 001, 000, 001, 000, 133, 000, 098, 000, 255, 001, 000, 000, 000, 025, 025, 025, 255, 255, 000, 000, 000, 000, 000, 000, 000, 000, 000, 000, 000, 000, 
Burghausen           - 001, 000, 014, 000, 185, 000, 082, 003, 001, 000, 001, 000, 242, 000, 098, 000, 255, 001, 000, 000, 000, 025, 025, 025, 255, 255, 000, 000, 000, 000, 000, 000, 000, 000, 000, 000, 000, 000, 
Diktbeuren           - 008, 000, 014, 000, 147, 000, 139, 003, 001, 000, 001, 000, 133, 000, 098, 000, 255, 001, 000, 000, 000, 025, 025, 025, 255, 255, 000, 000, 000, 000, 000, 000, 000, 000, 000, 000, 000, 000, 
Efferding            - 001, 000, 014, 000, 215, 000, 056, 003, 001, 000, 001, 000, 242, 000, 098, 000, 255, 001, 000, 000, 000, 025, 025, 025, 255, 255, 000, 000, 000, 000, 000, 000, 000, 000, 000, 000, 000, 000, 
Aussee               - 003, 000, 014, 000, 211, 000, 147, 003, 001, 000, 001, 000, 245, 000, 098, 000, 255, 001, 000, 000, 000, 025, 025, 025, 255, 255, 000, 000, 000, 000, 000, 000, 000, 000, 000, 000, 000, 000, 
Waidhofen            - 001, 000, 014, 000, 237, 000, 099, 003, 001, 000, 001, 000, 242, 000, 098, 000, 255, 001, 000, 000, 000, 025, 025, 025, 255, 255, 000, 000, 000, 000, 000, 000, 000, 000, 000, 000, 000, 000, 
Putten               - 008, 000, 014, 000, 012, 001, 120, 003, 001, 000, 001, 000, 133, 000, 098, 000, 255, 001, 000, 000, 000, 025, 025, 025, 255, 255, 000, 000, 000, 000, 000, 000, 000, 000, 000, 000, 000, 000, 
Raab                 - 001, 000, 014, 000, 061, 001, 114, 003, 001, 000, 001, 000, 242, 000, 098, 000, 255, 001, 000, 000, 000, 025, 025, 025, 255, 255, 000, 000, 000, 000, 000, 000, 000, 000, 000, 000, 000, 000, 
Tyrnau               - 008, 000, 014, 000, 046, 001, 052, 003, 001, 000, 001, 000, 133, 000, 098, 000, 255, 001, 000, 000, 000, 025, 025, 025, 255, 255, 000, 000, 000, 000, 000, 000, 000, 000, 000, 000, 000, 000, 
Warnemunde           - 001, 000, 014, 000, 165, 000, 118, 000, 001, 000, 001, 000, 242, 000, 098, 000, 255, 001, 000, 000, 000, 025, 025, 025, 255, 255, 000, 000, 000, 000, 000, 000, 000, 000, 000, 000, 000, 000, 
Barth                - 008, 000, 014, 000, 181, 000, 092, 000, 001, 000, 001, 000, 133, 000, 098, 000, 255, 001, 000, 000, 000, 025, 025, 025, 255, 255, 000, 000, 000, 000, 000, 000, 000, 000, 000, 000, 000, 000, 
Malchin              - 001, 000, 014, 000, 182, 000, 169, 000, 001, 000, 001, 000, 242, 000, 098, 000, 255, 001, 000, 000, 000, 025, 025, 025, 255, 255, 000, 000, 000, 000, 000, 000, 000, 000, 000, 000, 000, 000, 
Wolgast              - 008, 000, 014, 000, 203, 000, 132, 000, 001, 000, 001, 000, 133, 000, 098, 000, 255, 001, 000, 000, 000, 025, 025, 025, 255, 255, 000, 000, 000, 000, 000, 000, 000, 000, 000, 000, 000, 000, 
Perleberg            - 001, 000, 014, 000, 157, 000, 246, 000, 001, 000, 001, 000, 242, 000, 098, 000, 255, 001, 000, 000, 000, 025, 025, 025, 255, 255, 000, 000, 000, 000, 000, 000, 000, 000, 000, 000, 000, 000, 
Havelberg            - 008, 000, 014, 000, 166, 000, 017, 001, 001, 000, 001, 000, 133, 000, 098, 000, 255, 001, 000, 000, 000, 025, 025, 025, 255, 255, 000, 000, 000, 000, 000, 000, 000, 000, 000, 000, 000, 000, 
Wittelte             - 001, 000, 014, 000, 183, 000, 009, 001, 001, 000, 001, 000, 242, 000, 098, 000, 255, 001, 000, 000, 000, 025, 025, 025, 255, 255, 000, 000, 000, 000, 000, 000, 000, 000, 000, 000, 000, 000, 
Eberswalde           - 008, 000, 014, 000, 205, 000, 019, 001, 001, 000, 001, 000, 133, 000, 098, 000, 255, 001, 000, 000, 000, 025, 025, 025, 255, 255, 000, 000, 000, 000, 000, 000, 000, 000, 000, 000, 000, 000, 
Walkenried           - 001, 000, 014, 000, 128, 000, 161, 001, 001, 000, 001, 000, 242, 000, 098, 000, 255, 001, 000, 000, 000, 025, 025, 025, 255, 255, 000, 000, 000, 000, 000, 000, 000, 000, 000, 000, 000, 000, 
Stolberg             - 008, 000, 014, 000, 139, 000, 173, 001, 001, 000, 001, 000, 133, 000, 098, 000, 255, 001, 000, 000, 000, 025, 025, 025, 255, 255, 000, 000, 000, 000, 000, 000, 000, 000, 000, 000, 000, 000, 
Naumberg             - 003, 000, 014, 000, 158, 000, 230, 001, 001, 000, 001, 000, 245, 000, 098, 000, 255, 001, 000, 000, 000, 025, 025, 025, 255, 255, 000, 000, 000, 000, 000, 000, 000, 000, 000, 000, 000, 000, 
Rudolstadt           - 008, 000, 014, 000, 146, 000, 026, 002, 001, 000, 001, 000, 133, 000, 098, 000, 255, 001, 000, 000, 000, 025, 025, 025, 255, 255, 000, 000, 000, 000, 000, 000, 000, 000, 000, 000, 000, 000, 
Lobenstein           - 001, 000, 014, 000, 153, 000, 060, 002, 001, 000, 001, 000, 242, 000, 098, 000, 255, 001, 000, 000, 000, 025, 025, 025, 255, 255, 000, 000, 000, 000, 000, 000, 000, 000, 000, 000, 000, 000, 
Bayreuth             - 008, 000, 014, 000, 152, 000, 120, 002, 001, 000, 001, 000, 133, 000, 098, 000, 255, 001, 000, 000, 000, 025, 025, 025, 255, 255, 000, 000, 000, 000, 000, 000, 000, 000, 000, 000, 000, 000, 
Furth                - 001, 000, 014, 000, 137, 000, 183, 002, 001, 000, 001, 000, 242, 000, 098, 000, 255, 001, 000, 000, 000, 025, 025, 025, 255, 255, 000, 000, 000, 000, 000, 000, 000, 000, 000, 000, 000, 000, 
Oberplatz            - 003, 000, 014, 000, 147, 000, 218, 002, 001, 000, 001, 000, 245, 000, 098, 000, 255, 001, 000, 000, 000, 025, 025, 025, 255, 255, 000, 000, 000, 000, 000, 000, 000, 000, 000, 000, 000, 000, 
Sulzbach             - 001, 000, 014, 000, 161, 000, 174, 002, 001, 000, 001, 000, 242, 000, 098, 000, 255, 001, 000, 000, 000, 025, 025, 025, 255, 255, 000, 000, 000, 000, 000, 000, 000, 000, 000, 000, 000, 000, 
Schonsee             - 008, 000, 014, 000, 176, 000, 184, 002, 001, 000, 001, 000, 133, 000, 098, 000, 255, 001, 000, 000, 000, 025, 025, 025, 255, 255, 000, 000, 000, 000, 000, 000, 000, 000, 000, 000, 000, 000, 
Grafenau             - 001, 000, 014, 000, 197, 000, 241, 002, 001, 000, 001, 000, 242, 000, 098, 000, 255, 001, 000, 000, 000, 025, 025, 025, 255, 255, 000, 000, 000, 000, 000, 000, 000, 000, 000, 000, 000, 000, 
Waldsassen           - 008, 000, 014, 000, 170, 000, 112, 002, 001, 000, 001, 000, 133, 000, 098, 000, 255, 001, 000, 000, 000, 025, 025, 025, 255, 255, 000, 000, 000, 000, 000, 000, 000, 000, 000, 000, 000, 000, 
Neustadt             - 001, 000, 014, 000, 156, 000, 042, 002, 001, 000, 001, 000, 242, 000, 098, 000, 255, 001, 000, 000, 000, 025, 025, 025, 255, 255, 000, 000, 000, 000, 000, 000, 000, 000, 000, 000, 000, 000, 
Altenberg            - 008, 000, 014, 000, 175, 000, 230, 001, 001, 000, 001, 000, 133, 000, 098, 000, 255, 001, 000, 000, 000, 025, 025, 025, 255, 255, 000, 000, 000, 000, 000, 000, 000, 000, 000, 000, 000, 000, 
Lichtenwalde         - 001, 000, 014, 000, 190, 000, 020, 002, 001, 000, 001, 000, 242, 000, 098, 000, 255, 001, 000, 000, 000, 025, 025, 025, 255, 255, 000, 000, 000, 000, 000, 000, 000, 000, 000, 000, 000, 000, 
Halle                - 008, 000, 014, 000, 164, 000, 184, 001, 001, 000, 001, 000, 133, 000, 098, 000, 255, 001, 000, 000, 000, 025, 025, 025, 255, 255, 000, 000, 000, 000, 000, 000, 000, 000, 000, 000, 000, 000, 
Dessau               - 001, 000, 014, 000, 169, 000, 147, 001, 001, 000, 001, 000, 242, 000, 098, 000, 255, 001, 000, 000, 000, 025, 025, 025, 255, 255, 000, 000, 000, 000, 000, 000, 000, 000, 000, 000, 000, 000, 
Sangerhausen         - 008, 000, 014, 000, 147, 000, 186, 001, 001, 000, 001, 000, 133, 000, 098, 000, 255, 001, 000, 000, 000, 025, 025, 025, 255, 255, 000, 000, 000, 000, 000, 000, 000, 000, 000, 000, 000, 000, 
Zerbst               - 001, 000, 014, 000, 164, 000, 125, 001, 001, 000, 001, 000, 242, 000, 098, 000, 255, 001, 000, 000, 000, 025, 025, 025, 255, 255, 000, 000, 000, 000, 000, 000, 000, 000, 000, 000, 000, 000, 
Belzig               - 008, 000, 014, 000, 178, 000, 117, 001, 001, 000, 001, 000, 133, 000, 098, 000, 255, 001, 000, 000, 000, 025, 025, 025, 255, 255, 000, 000, 000, 000, 000, 000, 000, 000, 000, 000, 000, 000, 
Zossen               - 001, 000, 014, 000, 198, 000, 090, 001, 001, 000, 001, 000, 242, 000, 098, 000, 255, 001, 000, 000, 000, 025, 025, 025, 255, 255, 000, 000, 000, 000, 000, 000, 000, 000, 000, 000, 000, 000, 
Guben                - 008, 000, 014, 000, 232, 000, 124, 001, 001, 000, 001, 000, 133, 000, 098, 000, 255, 001, 000, 000, 000, 025, 025, 025, 255, 255, 000, 000, 000, 000, 000, 000, 000, 000, 000, 000, 000, 000, 
Kamenz               - 001, 000, 014, 000, 217, 000, 218, 001, 001, 000, 001, 000, 242, 000, 098, 000, 255, 001, 000, 000, 000, 025, 025, 025, 255, 255, 000, 000, 000, 000, 000, 000, 000, 000, 000, 000, 000, 000, 
Lobau                - 008, 000, 014, 000, 229, 000, 232, 001, 001, 000, 001, 000, 133, 000, 098, 000, 255, 001, 000, 000, 000, 025, 025, 025, 255, 255, 000, 000, 000, 000, 000, 000, 000, 000, 000, 000, 000, 000, 
Sagan                - 001, 000, 014, 000, 246, 000, 167, 001, 001, 000, 001, 000, 242, 000, 098, 000, 255, 001, 000, 000, 000, 025, 025, 025, 255, 255, 000, 000, 000, 000, 000, 000, 000, 000, 000, 000, 000, 000, 
Friedeberg           - 008, 000, 014, 000, 249, 000, 013, 001, 001, 000, 001, 000, 133, 000, 098, 000, 255, 001, 000, 000, 000, 025, 025, 025, 255, 255, 000, 000, 000, 000, 000, 000, 000, 000, 000, 000, 000, 000, 
Liegnitz             - 001, 000, 014, 000, 011, 001, 213, 001, 001, 000, 001, 000, 242, 000, 098, 000, 255, 001, 000, 000, 000, 025, 025, 025, 255, 255, 000, 000, 000, 000, 000, 000, 000, 000, 000, 000, 000, 000, 
Beuthen              - 008, 000, 014, 000, 003, 001, 153, 001, 001, 000, 001, 000, 133, 000, 098, 000, 255, 001, 000, 000, 000, 025, 025, 025, 255, 255, 000, 000, 000, 000, 000, 000, 000, 000, 000, 000, 000, 000, 
Hirschberg           - 001, 000, 014, 000, 002, 001, 252, 001, 001, 000, 001, 000, 242, 000, 098, 000, 255, 001, 000, 000, 000, 025, 025, 025, 255, 255, 000, 000, 000, 000, 000, 000, 000, 000, 000, 000, 000, 000, 
Wertheim             - 008, 000, 014, 000, 096, 000, 141, 002, 001, 000, 001, 000, 133, 000, 098, 000, 255, 001, 000, 000, 000, 025, 025, 025, 255, 255, 000, 000, 000, 000, 000, 000, 000, 000, 000, 000, 000, 000, 
Falkenberg           - 003, 000, 014, 000, 047, 001, 003, 002, 001, 000, 001, 000, 245, 000, 098, 000, 255, 001, 000, 000, 000, 025, 025, 025, 255, 255, 000, 000, 000, 000, 000, 000, 000, 000, 000, 000, 000, 000, 
Oppeln               - 008, 000, 014, 000, 055, 001, 008, 002, 001, 000, 001, 000, 133, 000, 098, 000, 255, 001, 000, 000, 000, 025, 025, 025, 255, 255, 000, 000, 000, 000, 000, 000, 000, 000, 000, 000, 000, 000, 
Petershagen          - 001, 000, 014, 000, 067, 001, 031, 002, 001, 000, 001, 000, 242, 000, 098, 000, 255, 001, 000, 000, 000, 025, 025, 025, 255, 255, 000, 000, 000, 000, 000, 000, 000, 000, 000, 000, 000, 000, 
J-gerndorf           - 008, 000, 014, 000, 056, 001, 079, 002, 001, 000, 001, 000, 133, 000, 098, 000, 255, 001, 000, 000, 000, 025, 025, 025, 255, 255, 000, 000, 000, 000, 000, 000, 000, 000, 000, 000, 000, 000, 
Hradisch             - 001, 000, 014, 000, 048, 001, 222, 002, 001, 000, 001, 000, 242, 000, 098, 000, 255, 001, 000, 000, 000, 025, 025, 025, 255, 255, 000, 000, 000, 000, 000, 000, 000, 000, 000, 000, 000, 000, 
Scharnikau           - 008, 000, 014, 000, 019, 001, 004, 001, 001, 000, 001, 000, 133, 000, 098, 000, 255, 001, 000, 000, 000, 025, 025, 025, 255, 255, 000, 000, 000, 000, 000, 000, 000, 000, 000, 000, 000, 000, 
Nangard              - 001, 000, 014, 000, 243, 000, 176, 000, 001, 000, 001, 000, 242, 000, 098, 000, 255, 001, 000, 000, 000, 025, 025, 025, 255, 255, 000, 000, 000, 000, 000, 000, 000, 000, 000, 000, 000, 000, 
Friedland            - 008, 000, 014, 000, 011, 001, 189, 000, 001, 000, 001, 000, 133, 000, 098, 000, 255, 001, 000, 000, 000, 025, 025, 025, 255, 255, 000, 000, 000, 000, 000, 000, 000, 000, 000, 000, 000, 000, 
Dirschau             - 001, 000, 014, 000, 065, 001, 095, 000, 001, 000, 001, 000, 242, 000, 098, 000, 255, 001, 000, 000, 000, 025, 025, 025, 255, 255, 000, 000, 000, 000, 000, 000, 000, 000, 000, 000, 000, 000, 
Marienwerd           - 008, 000, 014, 000, 065, 001, 142, 000, 001, 000, 001, 000, 133, 000, 098, 000, 255, 001, 000, 000, 000, 025, 025, 025, 255, 255, 000, 000, 000, 000, 000, 000, 000, 000, 000, 000, 000, 000, 
Saaz                 - 003, 000, 014, 000, 203, 000, 070, 002, 001, 000, 001, 000, 245, 000, 098, 000, 255, 001, 000, 000, 000, 025, 025, 025, 255, 255, 000, 000, 000, 000, 000, 000, 000, 000, 000, 000, 000, 000, 
Leitmeritz           - 008, 000, 014, 000, 218, 000, 045, 002, 001, 000, 001, 000, 133, 000, 098, 000, 255, 001, 000, 000, 000, 025, 025, 025, 255, 255, 000, 000, 000, 000, 000, 000, 000, 000, 000, 000, 000, 000, 
Tachau               - 001, 000, 014, 000, 180, 000, 137, 002, 001, 000, 001, 000, 242, 000, 098, 000, 255, 001, 000, 000, 000, 025, 025, 025, 255, 255, 000, 000, 000, 000, 000, 000, 000, 000, 000, 000, 000, 000, 
Karlstein            - 008, 000, 014, 000, 220, 000, 117, 002, 001, 000, 001, 000, 133, 000, 098, 000, 255, 001, 000, 000, 000, 025, 025, 025, 255, 255, 000, 000, 000, 000, 000, 000, 000, 000, 000, 000, 000, 000, 
Budweis              - 001, 000, 014, 000, 229, 000, 238, 002, 001, 000, 001, 000, 242, 000, 098, 000, 255, 001, 000, 000, 000, 025, 025, 025, 255, 255, 000, 000, 000, 000, 000, 000, 000, 000, 000, 000, 000, 000, 
Bechin               - 008, 000, 014, 000, 229, 000, 185, 002, 001, 000, 001, 000, 133, 000, 098, 000, 255, 001, 000, 000, 000, 025, 025, 025, 255, 255, 000, 000, 000, 000, 000, 000, 000, 000, 000, 000, 000, 000, 
Chrudim              - 001, 000, 014, 000, 007, 001, 107, 002, 001, 000, 001, 000, 242, 000, 098, 000, 255, 001, 000, 000, 000, 025, 025, 025, 255, 255, 000, 000, 000, 000, 000, 000, 000, 000, 000, 000, 000, 000, 
Gitschin             - 008, 000, 014, 000, 247, 000, 052, 002, 001, 000, 001, 000, 133, 000, 098, 000, 255, 001, 000, 000, 000, 025, 025, 025, 255, 255, 000, 000, 000, 000, 000, 000, 000, 000, 000, 000, 000, 000, 
Nachod               - 001, 000, 014, 000, 016, 001, 053, 002, 001, 000, 001, 000, 242, 000, 098, 000, 255, 001, 000, 000, 000, 025, 025, 025, 255, 255, 000, 000, 000, 000, 000, 000, 000, 000, 000, 000, 000, 000, 
Elbe                 - 008, 000, 014, 000, 229, 000, 080, 002, 001, 000, 001, 000, 133, 000, 098, 000, 255, 001, 000, 000, 000, 025, 025, 025, 255, 255, 000, 000, 000, 000, 000, 000, 000, 000, 000, 000, 000, 000, 
Pribislau            - 001, 000, 014, 000, 010, 001, 172, 002, 001, 000, 001, 000, 242, 000, 098, 000, 255, 001, 000, 000, 000, 025, 025, 025, 255, 255, 000, 000, 000, 000, 000, 000, 000, 000, 000, 000, 000, 000, 
Spring               - 016, 000, 013, 000, 027, 000, 030, 001, 001, 000, 001, 000, 248, 000, 098, 000, 255, 001, 000, 000, 000, 025, 025, 025, 255, 255, 000, 000, 000, 000, 000, 000, 000, 000, 000, 000, 000, 000, 
Spring               - 016, 000, 013, 000, 072, 000, 251, 000, 001, 000, 001, 000, 248, 000, 098, 000, 255, 001, 000, 000, 000, 025, 025, 025, 255, 255, 000, 000, 000, 000, 000, 000, 000, 000, 000, 000, 000, 000, 
Spring               - 016, 000, 013, 000, 033, 000, 127, 002, 001, 000, 001, 000, 248, 000, 098, 000, 255, 001, 000, 000, 000, 025, 025, 025, 255, 255, 000, 000, 000, 000, 000, 000, 000, 000, 000, 000, 000, 000, 
Spring               - 016, 000, 013, 000, 117, 000, 012, 002, 001, 000, 001, 000, 248, 000, 098, 000, 255, 001, 000, 000, 000, 025, 025, 025, 255, 255, 000, 000, 000, 000, 000, 000, 000, 000, 000, 000, 000, 000, 
Spring               - 016, 000, 013, 000, 225, 000, 113, 003, 001, 000, 001, 000, 248, 000, 098, 000, 255, 001, 000, 000, 000, 025, 025, 025, 255, 255, 000, 000, 000, 000, 000, 000, 000, 000, 000, 000, 000, 000, 
Spring               - 016, 000, 013, 000, 132, 000, 179, 001, 001, 000, 001, 000, 248, 000, 098, 000, 255, 001, 000, 000, 000, 025, 025, 025, 255, 255, 000, 000, 000, 000, 000, 000, 000, 000, 000, 000, 000, 000, 
Spring               - 016, 000, 013, 000, 205, 000, 060, 002, 001, 000, 001, 000, 248, 000, 098, 000, 255, 001, 000, 000, 000, 025, 025, 025, 255, 255, 000, 000, 000, 000, 000, 000, 000, 000, 000, 000, 000, 000, 
Lake                 - 017, 000, 013, 000, 094, 000, 016, 001, 001, 000, 001, 000, 249, 000, 098, 000, 255, 001, 000, 000, 000, 025, 025, 025, 255, 255, 000, 000, 000, 000, 000, 000, 000, 000, 000, 000, 000, 000, 
Lake                 - 017, 000, 013, 000, 083, 000, 157, 002, 001, 000, 001, 000, 249, 000, 098, 000, 255, 001, 000, 000, 000, 025, 025, 025, 255, 255, 000, 000, 000, 000, 000, 000, 000, 000, 000, 000, 000, 000, 
Lake                 - 017, 000, 013, 000, 046, 001, 014, 003, 001, 000, 001, 000, 249, 000, 098, 000, 255, 001, 000, 000, 000, 025, 025, 025, 255, 255, 000, 000, 000, 000, 000, 000, 000, 000, 000, 000, 000, 000, 
Lake                 - 017, 000, 013, 000, 177, 000, 033, 002, 001, 000, 001, 000, 249, 000, 098, 000, 255, 001, 000, 000, 000, 025, 025, 025, 255, 255, 000, 000, 000, 000, 000, 000, 000, 000, 000, 000, 000, 000, 
Lake                 - 017, 000, 013, 000, 015, 001, 245, 002, 001, 000, 001, 000, 249, 000, 098, 000, 255, 001, 000, 000, 000, 025, 025, 025, 255, 255, 000, 000, 000, 000, 000, 000, 000, 000, 000, 000, 000, 000, 
Lake                 - 017, 000, 013, 000, 011, 000, 240, 000, 001, 000, 001, 000, 249, 000, 098, 000, 255, 001, 000, 000, 000, 025, 025, 025, 255, 255, 000, 000, 000, 000, 000, 000, 000, 000, 000, 000, 000, 000, 
Cave                 - 005, 000, 013, 000, 017, 000, 102, 001, 001, 000, 001, 000, 250, 000, 098, 000, 255, 001, 000, 000, 000, 025, 025, 025, 255, 255, 000, 000, 000, 000, 000, 000, 000, 000, 000, 000, 000, 000, 
Cave                 - 005, 000, 013, 000, 048, 000, 163, 003, 001, 000, 001, 000, 250, 000, 098, 000, 255, 001, 000, 000, 000, 025, 025, 025, 255, 255, 000, 000, 000, 000, 000, 000, 000, 000, 000, 000, 000, 000, 
Cave                 - 005, 000, 013, 000, 162, 000, 047, 001, 001, 000, 001, 000, 250, 000, 098, 000, 255, 001, 000, 000, 000, 025, 025, 025, 255, 255, 000, 000, 000, 000, 000, 000, 000, 000, 000, 000, 000, 000, 
Cave                 - 005, 000, 013, 000, 088, 000, 204, 002, 001, 000, 001, 000, 250, 000, 098, 000, 255, 001, 000, 000, 000, 025, 025, 025, 255, 255, 000, 000, 000, 000, 000, 000, 000, 000, 000, 000, 000, 000, 
Cave                 - 005, 000, 013, 000, 088, 000, 221, 001, 001, 000, 001, 000, 250, 000, 098, 000, 255, 001, 000, 000, 000, 025, 025, 025, 255, 255, 000, 000, 000, 000, 000, 000, 000, 000, 000, 000, 000, 000, 
Cave                 - 005, 000, 013, 000, 047, 001, 069, 003, 001, 000, 001, 000, 250, 000, 098, 000, 255, 001, 000, 000, 000, 025, 025, 025, 255, 255, 000, 000, 000, 000, 000, 000, 000, 000, 000, 000, 000, 000, 
Cave                 - 005, 000, 013, 000, 222, 000, 076, 003, 001, 000, 001, 000, 250, 000, 098, 000, 255, 001, 000, 000, 000, 025, 025, 025, 255, 255, 000, 000, 000, 000, 000, 000, 000, 000, 000, 000, 000, 000, 
Cave                 - 005, 000, 013, 000, 142, 000, 124, 001, 001, 000, 001, 000, 250, 000, 098, 000, 255, 001, 000, 000, 000, 025, 025, 025, 255, 255, 000, 000, 000, 000, 000, 000, 000, 000, 000, 000, 000, 000, 
Cave                 - 005, 000, 013, 000, 175, 000, 100, 002, 001, 000, 001, 000, 250, 000, 098, 000, 255, 001, 000, 000, 000, 025, 025, 025, 255, 255, 000, 000, 000, 000, 000, 000, 000, 000, 000, 000, 000, 000, 
Cave                 - 005, 000, 013, 000, 025, 001, 072, 000, 001, 000, 001, 000, 250, 000, 098, 000, 255, 001, 000, 000, 000, 025, 025, 025, 255, 255, 000, 000, 000, 000, 000, 000, 000, 000, 000, 000, 000, 000, 
Cave                 - 005, 000, 013, 000, 006, 001, 107, 000, 001, 000, 001, 000, 250, 000, 098, 000, 255, 001, 000, 000, 000, 025, 025, 025, 255, 255, 000, 000, 000, 000, 000, 000, 000, 000, 000, 000, 000, 000, 
Cave                 - 005, 000, 013, 000, 196, 000, 124, 000, 001, 000, 001, 000, 250, 000, 098, 000, 255, 001, 000, 000, 000, 025, 025, 025, 255, 255, 000, 000, 000, 000, 000, 000, 000, 000, 000, 000, 000, 000, 
Shrine               - 018, 000, 013, 000, 067, 000, 183, 000, 001, 000, 001, 000, 251, 000, 098, 000, 255, 001, 000, 000, 000, 025, 025, 025, 255, 255, 000, 000, 000, 000, 000, 000, 000, 000, 000, 000, 000, 000, 
Shrine               - 018, 000, 013, 000, 058, 000, 111, 002, 001, 000, 001, 000, 251, 000, 098, 000, 255, 001, 000, 000, 000, 025, 025, 025, 255, 255, 000, 000, 000, 000, 000, 000, 000, 000, 000, 000, 000, 000, 
Shrine               - 018, 000, 013, 000, 104, 000, 002, 002, 001, 000, 001, 000, 251, 000, 098, 000, 255, 001, 000, 000, 000, 025, 025, 025, 255, 255, 000, 000, 000, 000, 000, 000, 000, 000, 000, 000, 000, 000, 
Shrine               - 018, 000, 013, 000, 076, 000, 040, 002, 001, 000, 001, 000, 251, 000, 098, 000, 255, 001, 000, 000, 000, 025, 025, 025, 255, 255, 000, 000, 000, 000, 000, 000, 000, 000, 000, 000, 000, 000, 
Shrine               - 018, 000, 013, 000, 102, 000, 095, 002, 001, 000, 001, 000, 251, 000, 098, 000, 255, 001, 000, 000, 000, 025, 025, 025, 255, 255, 000, 000, 000, 000, 000, 000, 000, 000, 000, 000, 000, 000, 
Shrine               - 018, 000, 013, 000, 028, 000, 084, 002, 001, 000, 001, 000, 251, 000, 098, 000, 255, 001, 000, 000, 000, 025, 025, 025, 255, 255, 000, 000, 000, 000, 000, 000, 000, 000, 000, 000, 000, 000, 
Shrine               - 018, 000, 013, 000, 079, 000, 040, 003, 001, 000, 001, 000, 251, 000, 098, 000, 255, 001, 000, 000, 000, 025, 025, 025, 255, 255, 000, 000, 000, 000, 000, 000, 000, 000, 000, 000, 000, 000, 
Shrine               - 018, 000, 013, 000, 110, 000, 137, 003, 001, 000, 001, 000, 251, 000, 098, 000, 255, 001, 000, 000, 000, 025, 025, 025, 255, 255, 000, 000, 000, 000, 000, 000, 000, 000, 000, 000, 000, 000, 
Shrine               - 018, 000, 013, 000, 203, 000, 037, 003, 001, 000, 001, 000, 251, 000, 098, 000, 255, 001, 000, 000, 000, 025, 025, 025, 255, 255, 000, 000, 000, 000, 000, 000, 000, 000, 000, 000, 000, 000, 
Shrine               - 018, 000, 013, 000, 168, 000, 160, 000, 001, 000, 001, 000, 251, 000, 098, 000, 255, 001, 000, 000, 000, 025, 025, 025, 255, 255, 000, 000, 000, 000, 000, 000, 000, 000, 000, 000, 000, 000, 
Shrine               - 018, 000, 013, 000, 223, 000, 157, 001, 001, 000, 001, 000, 251, 000, 098, 000, 255, 001, 000, 000, 000, 025, 025, 025, 255, 255, 000, 000, 000, 000, 000, 000, 000, 000, 000, 000, 000, 000, 
Shrine               - 018, 000, 013, 000, 046, 001, 168, 000, 001, 000, 001, 000, 251, 000, 098, 000, 255, 001, 000, 000, 000, 025, 025, 025, 255, 255, 000, 000, 000, 000, 000, 000, 000, 000, 000, 000, 000, 000, 
Shrine               - 018, 000, 013, 000, 189, 000, 110, 002, 001, 000, 001, 000, 251, 000, 098, 000, 255, 001, 000, 000, 000, 025, 025, 025, 255, 255, 000, 000, 000, 000, 000, 000, 000, 000, 000, 000, 000, 000, 
Cave                 - 019, 000, 013, 000, 051, 000, 086, 002, 001, 000, 001, 000, 252, 000, 098, 000, 255, 001, 000, 000, 000, 025, 025, 025, 255, 255, 000, 000, 000, 000, 000, 000, 000, 000, 000, 000, 000, 000, 
Cave                 - 019, 000, 013, 000, 085, 000, 149, 000, 001, 000, 001, 000, 252, 000, 098, 000, 255, 001, 000, 000, 000, 025, 025, 025, 255, 255, 000, 000, 000, 000, 000, 000, 000, 000, 000, 000, 000, 000, 
Cave                 - 019, 000, 013, 000, 122, 000, 165, 002, 001, 000, 001, 000, 252, 000, 098, 000, 255, 001, 000, 000, 000, 025, 025, 025, 255, 255, 000, 000, 000, 000, 000, 000, 000, 000, 000, 000, 000, 000, 
Cave                 - 019, 000, 013, 000, 190, 000, 040, 003, 001, 000, 001, 000, 252, 000, 098, 000, 255, 001, 000, 000, 000, 025, 025, 025, 255, 255, 000, 000, 000, 000, 000, 000, 000, 000, 000, 000, 000, 000, 
Cave                 - 019, 000, 013, 000, 217, 000, 251, 000, 001, 000, 001, 000, 252, 000, 098, 000, 255, 001, 000, 000, 000, 025, 025, 025, 255, 255, 000, 000, 000, 000, 000, 000, 000, 000, 000, 000, 000, 000, 
Cave                 - 019, 000, 013, 000, 041, 001, 038, 002, 001, 000, 001, 000, 252, 000, 098, 000, 255, 001, 000, 000, 000, 025, 025, 025, 255, 255, 000, 000, 000, 000, 000, 000, 000, 000, 000, 000, 000, 000, 
Pagan Altar          - 020, 000, 013, 000, 067, 000, 168, 002, 001, 000, 099, 000, 254, 000, 098, 000, 255, 001, 000, 000, 000, 025, 025, 025, 255, 255, 000, 000, 000, 000, 000, 000, 000, 000, 000, 000, 000, 000, 
Pagan Altar          - 020, 000, 013, 000, 148, 000, 126, 001, 001, 000, 099, 000, 254, 000, 098, 000, 255, 001, 000, 000, 000, 025, 025, 025, 255, 255, 000, 000, 000, 000, 000, 000, 000, 000, 000, 000, 000, 000, 
Pagan Altar          - 020, 000, 013, 000, 190, 000, 195, 002, 001, 000, 099, 000, 254, 000, 098, 000, 255, 001, 000, 000, 000, 025, 025, 025, 255, 255, 000, 000, 000, 000, 000, 000, 000, 000, 000, 000, 000, 000, 
Pagan Altar          - 020, 000, 013, 000, 226, 000, 065, 001, 001, 000, 099, 000, 254, 000, 098, 000, 255, 001, 000, 000, 000, 025, 025, 025, 255, 255, 000, 000, 000, 000, 000, 000, 000, 000, 000, 000, 000, 000, 
Pagan Altar          - 020, 000, 013, 000, 028, 001, 068, 003, 001, 000, 099, 000, 254, 000, 098, 000, 255, 001, 000, 000, 000, 025, 025, 025, 255, 255, 000, 000, 000, 000, 000, 000, 000, 000, 000, 000, 000, 000, 
Tomb                 - 013, 000, 013, 000, 045, 000, 050, 001, 001, 000, 001, 000, 000, 001, 098, 000, 255, 001, 000, 000, 000, 025, 025, 025, 255, 255, 000, 000, 000, 000, 000, 000, 000, 000, 000, 000, 000, 000, 
Tomb                 - 013, 000, 013, 000, 075, 000, 152, 002, 001, 000, 001, 000, 000, 001, 098, 000, 255, 001, 000, 000, 000, 025, 025, 025, 255, 255, 000, 000, 000, 000, 000, 000, 000, 000, 000, 000, 000, 000, 
Tomb                 - 013, 000, 013, 000, 180, 000, 117, 003, 001, 000, 001, 000, 000, 001, 098, 000, 255, 001, 000, 000, 000, 025, 025, 025, 255, 255, 000, 000, 000, 000, 000, 000, 000, 000, 000, 000, 000, 000, 
Tomb                 - 013, 000, 013, 000, 169, 000, 234, 001, 001, 000, 001, 000, 000, 001, 098, 000, 255, 001, 000, 000, 000, 025, 025, 025, 255, 255, 000, 000, 000, 000, 000, 000, 000, 000, 000, 000, 000, 000, 
Tomb                 - 013, 000, 013, 000, 016, 001, 091, 002, 001, 000, 001, 000, 000, 001, 098, 000, 255, 001, 000, 000, 000, 025, 025, 025, 255, 255, 000, 000, 000, 000, 000, 000, 000, 000, 000, 000, 000, 000, 
Tomb                 - 013, 000, 013, 000, 174, 000, 134, 000, 001, 000, 001, 000, 000, 001, 098, 000, 255, 001, 000, 000, 000, 025, 025, 025, 255, 255, 000, 000, 000, 000, 000, 000, 000, 000, 000, 000, 000, 000, 
         