65534: 004, 099, 000, 028, 000, 001, 000, 008, 000, 001, 000, 174, 000, 000, 000, 000, 000, 
IsQuest=False Source=Traffur Unknown3 Source=Groningen City Source: 265

southeast goslar sept 22

174 ID  DarkPlaceTypes.Unknown7


000, 095, 000, 008, 000, 000, 000, 000, 000, 001, 000, 067, 000, 006, 000, 000, 000, 
IsQuest=False Source=Karlsbad Unknown6 OtherPlace: Passau

004, 099, 000, 028, 000, 001, 000, 008, 000, 001, 000, 174, 000, 000, 000, 000, 000, 
Witch! IsQuest=False Source=Traffur Unknown3 OtherPlace: Hexentanzpla

002, 095, 000, 028, 000, 000, 000, 000, 000, 001, 000, 000, 000, 000, 000, 000, 000, 
IsQuest=False

000, 000, 000, 099, 000, 000, 000, 000, 000, 000, 000, 000, 000, 000, 000, 000, 000, 
IsQuest=False

001, 095, 000, 008, 000, 000, 000, 000, 000, 012, 000, 046, 000, 003, 000, 013, 000, 
IsQuest=False Source=Karlsbad Unknown6 Source=Zbraslavice Unknown5 OtherPlace: Furstenbrg

003, 095, 000, 008, 000, 000, 000, 000, 000, 004, 000, 030, 000, 004, 000, 004, 000, 
IsQuest=False Source=Goslar City Source=Lair Lair OtherPlace: Paderborn

000, 000, 000, 042, 000, 000, 000, 000, 000, 000, 000, 000, 000, 000, 000, 000, 000, 
IsQuest=False

041, 095, 000, 008, 000, 000, 000, 000, 000, 003, 000, 012, 000, 002, 000, 000, 000, 
IsQuest=True Source=Leipzig City Source=Steigra RobberKnight OtherPlace: Bremen

002, 000, 000, 028, 000, 000, 000, 000, 000, 003, 000, 000, 000, 000, 000, 000, 000, 
IsQuest=False

003, 000, 000, 028, 000, 000, 000, 000, 000, 003, 000, 000, 000, 000, 000, 000, 000, 
IsQuest=False

004, 000, 000, 028, 000, 000, 000, 000, 000, 003, 000, 000, 000, 000, 000, 000, 000, 
IsQuest=False

000, 000, 000, 099, 000, 000, 000, 000, 000, 000, 000, 000, 000, 000, 000, 000, 000, 
IsQuest=False

000, 000, 000, 099, 000, 000, 000, 000, 000, 000, 000, 000, 000, 000, 000, 000, 000, 
IsQuest=False

001, 000, 000, 028, 000, 000, 000, 000, 000, 004, 000, 000, 000, 000, 000, 000, 000, 
IsQuest=False

003, 000, 000, 028, 000, 000, 000, 000, 000, 004, 000, 000, 000, 000, 000, 000, 000, 
IsQuest=False

004, 000, 000, 028, 000, 000, 000, 000, 000, 004, 000, 000, 000, 000, 000, 000, 000, 
IsQuest=False

007, 000, 000, 028, 000, 000, 000, 000, 000, 004, 000, 000, 000, 000, 000, 000, 000, 
IsQuest=False

006, 000, 000, 028, 000, 000, 000, 000, 000, 004, 000, 000, 000, 000, 000, 000, 000, 
IsQuest=False

000, 000, 000, 099, 000, 000, 000, 000, 000, 000, 000, 000, 000, 000, 000, 000, 000, 
IsQuest=False

000, 000, 000, 099, 000, 000, 000, 000, 000, 000, 000, 000, 000, 000, 000, 000, 000, 
IsQuest=False

000, 000, 000, 099, 000, 000, 000, 000, 000, 000, 000, 000, 000, 000, 000, 000, 000, 
IsQuest=False

000, 000, 000, 038, 000, 000, 000, 000, 000, 000, 000, 000, 000, 000, 000, 000, 000, 
IsQuest=False

000, 000, 000, 099, 000, 000, 000, 000, 000, 000, 000, 000, 000, 000, 000, 000, 000, 
IsQuest=False

000, 000, 000, 099, 000, 000, 000, 000, 000, 000, 000, 000, 000, 000, 000, 000, 000, 
IsQuest=False

000, 000, 000, 099, 000, 000, 000, 000, 000, 000, 000, 000, 000, 000, 000, 000, 000, 
IsQuest=False

000, 000, 000, 099, 000, 000, 000, 000, 000, 000, 000, 000, 000, 000, 000, 000, 000, 
IsQuest=False

000, 000, 000, 099, 000, 000, 000, 000, 000, 000, 000, 000, 000, 000, 000, 000, 000, 
IsQuest=False

010, 095, 000, 008, 000, 000, 000, 000, 000, 010, 000, 012, 000, 002, 000, 138, 000, 
IsQuest=True Source=Magdeburg City Source=Duisberg City OtherPlace: Bremen

000, 000, 000, 039, 000, 000, 000, 000, 000, 000, 000, 000, 000, 000, 000, 000, 000, 
IsQuest=False

008, 095, 000, 036, 000, 000, 000, 000, 000, 010, 000, 000, 000, 011, 000, 137, 000, 
IsQuest=True Source=Leipzig City

000, 000, 000, 101, 000, 000, 000, 000, 000, 000, 000, 000, 000, 000, 000, 000, 000, 
IsQuest=False

010, 095, 000, 008, 000, 000, 000, 000, 000, 010, 000, 015, 000, 002, 000, 138, 000, 
IsQuest=True Source=Luneberg City Source=Aachen City OtherPlace: Hannover

000, 000, 000, 038, 000, 000, 000, 000, 000, 000, 000, 000, 000, 000, 000, 000, 000, 
IsQuest=False

000, 000, 000, 038, 000, 000, 000, 000, 000, 000, 000, 000, 000, 000, 000, 000, 000, 
IsQuest=False

000, 000, 000, 061, 000, 000, 000, 000, 000, 000, 000, 000, 000, 000, 000, 000, 000, 
IsQuest=False

000, 000, 000, 038, 000, 000, 000, 000, 000, 000, 000, 000, 000, 000, 000, 000, 000, 
IsQuest=False

000, 000, 000, 038, 000, 000, 000, 000, 000, 000, 000, 000, 000, 000, 000, 000, 000, 
IsQuest=False

000, 000, 000, 038, 000, 000, 000, 000, 000, 000, 000, 000, 000, 000, 000, 000, 000, 
IsQuest=False

000, 000, 000, 052, 000, 000, 000, 000, 000, 000, 000, 000, 000, 000, 000, 000, 000, 
IsQuest=False

